/*---------------------------------------------------------------------------*\ 
| =========                 |                                                 |
| \\      /  F ield         | OpenFOAM: The Open Source CFD Toolbox           |
|  \\    /   O peration     | Version:  1.4                                   |
|   \\  /    A nd           | Web:      http://www.openfoam.org               |
|    \\/     M anipulation  |                                                 |
\*---------------------------------------------------------------------------*/

FoamFile
{
    version         2.0;
    format          ascii;

    root            "";
    case            "";
    instance        "";
    local           "";

    class           dictionary;
    object          blockMeshDict;
}

// * * * * * * * * * * * * * * * * * * * * * * * * * * * * * * * * * * * * * //


convertToMeters 0.01;

vertices
(
    (-0.51763809020504 1.931851652578137  0) 
    (-1.035276180410083 3.863703305156273 0) 
    (-0.34862297099063 3.984778792366982  0)
    (-0.17431148549532 1.992389396183491  0)
    ( 0.17431148549532 1.992389396183491  0)
    ( 0.34862297099063 3.984778792366982  0)
    (-0.51763809020504 1.931851652578137  1)
    (-1.035276180410083 3.863703305156273 1)
    (-0.34862297099063 3.984778792366982  1)
    (-0.17431148549532 1.992389396183491  1)
    ( 0.17431148549532 1.992389396183491  1)
    ( 0.34862297099063 3.984778792366982  1)
    (-0.51763809020504 1.931851652578137  1)
    (-1.035276180410083 3.863703305156273 1)
    (0 4 1 )//(-0.34862297099063 3.984778792366982  1)
    ( 0 2 1)// (0.17431148549532 1.992389396183491  1)
    ( 1.035276180410083 3.863703305156273 1)
    ( 0.51763809020504 1.931851652578137  1)// 
    (-0.51763809020504 1.931851652578137  1.3)// 8  // 24
    (-1.035276180410083 3.863703305156273 1.3)// 9  // 25
    ( 0 4 1.3)//  (-0.34862297099063 3.984778792366982  1.3)// 10 // 26 
    ( 0 2 1.3 ) //( 0.17431148549532 1.992389396183491  1.3)// 12 // 28
    ( 1.035276180410083 3.863703305156273 1.3)// 14 // 30
    ( 0.51763809020504 1.931851652578137  1.3)// 15 // 31
    (-0.51763809020504 1.931851652578137  1.6)// 8 // 32
    (-1.035276180410083 3.863703305156273 1.6)// 9 // 33
    (-0.13959798681 3.99756330808 1.6 )//(-0.34862297099063 3.984778792366982  1.6)// 10// 34 
    (-0.17431148549532 1.992389396183491  1.6)// 11// 35
    ( 0.17431148549532 1.992389396183491  1.6)// 12// 36
    ( 0.13959798681 3.99756330808 1.6)//(0.34862297099063 3.984778792366982  1.6)// 13// 37
    (1.035276180410083 3.863703305156273 1.6)// 14// 38
    ( 0.51763809020504 1.931851652578137  1.6)// 15// 39
    (-0.51763809020504 1.931851652578137  2)// 8   // 40
    (-1.035276180410083 3.863703305156273 2)// 9   // 41
    ( 0 4 2)//(-0.13959798681 3.99756330808 2) //(-0.34862297099063 3.984778792366982  2)// 10  // 42   
    ( 0 2 2) //(0.104671912486 1.99725906951 2 ) // ( 0.17431148549532 1.992389396183491  2)// 12  // 44
    ( 1.035276180410083 3.863703305156273 2)// 14  // 46
    ( 0.51763809020504 1.931851652578137  2)// 15  // 47 
    //( 0.17431148549532 1.992389396183491  1.6)// 12// 50 //36 
    //( 0.34862297099063 3.984778792366982  1.6)// 13// 51 //37
);

blocks
(
   hex (0 3 2 1  6 9 8  7) (10 40 30) simpleGrading (1 1 1)
   hex (3 4 5 2 9 10 11 8) (10 40 30) simpleGrading (1 1 1)
    
   hex (12 15 14 13 18 21 20 19) (14 40 10) simpleGrading (1 1 1)
   hex (15 17 16 14 21 23 22 20 ) (14 40 10) simpleGrading (1 1 1)
   hex (21 23 22 20 28 31 30 29 ) (14 40 10) simpleGrading (1 1 1)
   hex (18 21 20 19 24 27 26 25 ) (14 40 10) simpleGrading (1 1 1)
   hex (24 27 26 25 32 35 34 33 ) (14 40 10) simpleGrading (1 1 1)
   hex (28 31 30 29 35 37 36 34 ) (14 40 10) simpleGrading (1 1 1)
  /*  //hex (19 20 21 18 27 28 29 26 ) (15 40 10) simpleGrading (1 1 1)
    hex (20 23 22 21 27 31 30 26 ) (15 40 10) simpleGrading (1 1 1)

    hex (24 27 26 25 32 35 34 33) (15 40 10) simpleGrading (1 1 1)

    hex (28 31 30 29 36 39 38 37 ) (15 40 10) simpleGrading (1 1 1)

    hex (32 35 34 33 40 43 42 41) (15 40 10) simpleGrading (1 1 1)
    //hex (35 36 37 34 43 44 45 42 ) (7 20 5) simpleGrading (1 1 1)
    hex (36 39 38 37 44 47 46 45 ) (15 40 10) simpleGrading (1 1 1)*/
);


edges
(

   arc 0 3 ( -0.34729635533386 1.969615506024416  0 )
   arc 2 1 ( -0.69459271066772 3.939231012048832  0 )
   arc 3 4 ( 0 2 0)
   arc 5 2 ( 0 4 0)
   arc 9 10 ( 0 2 1)
   arc 8 11 ( 0 4 1)
   arc 6 9 ( -0.34729635533386 1.969615506024416  1 )
   arc 7 8 ( -0.69459271066772 3.939231012048832  1 )
   
   arc 28 31 ( 0.34729635533386 1.969615506024416  1.6 )
   arc 30 29 ( 0.69459271066772 3.939231012048832  1.6 )
   arc 24 27 ( -0.34729635533386 1.969615506024416  1.6 )
   arc 26 25 ( -0.69459271066772 3.939231012048832  1.6 )


   arc 15 12 ( -0.34729635533386 1.969615506024416  1 )
   arc 13 14 ( -0.69459271066772 3.939231012048832  1 )
   arc 15 17 ( 0.34729635533386 1.969615506024416  1 )
   arc 16 14 ( 0.69459271066772 3.939231012048832  1 )

   arc 21 18 ( -0.34729635533386 1.969615506024416  1.3 )
   arc 19 20 ( -0.69459271066772 3.939231012048832  1.3 )
   arc 23 21 ( 0.34729635533386 1.969615506024416  1.3 )
   arc 22 20 ( 0.69459271066772 3.939231012048832  1.3 )


   arc 35 32 ( -0.34729635533386 1.969615506024416  2 )
   arc 34 33 ( -0.69459271066772 3.939231012048832  2 )
   arc 35 37 ( 0.34729635533386 1.969615506024416  2 )
   arc 36 34 ( 0.69459271066772 3.939231012048832  2 )

);

patches
(
    patch Half 
    ( 
       ( 0 3 2 1)
       //( 4 7 6 5)
    )
    
    patch Full 
    (
        (3 4 5 2)
    ) 
    mixingPlane master
    ( 
      ( 8 9 10 11 )
      ( 6 9 8 7 )
    )

    mixingPlane slave
    (
      ( 12 15 14 13 )
      //( 19 20 21 18 )
      ( 15 17 16 14 )
    )

    patch Back
    (
      ( 35 32 33 34  )
      ( 37 35 34 36 )
    )

    patch Solid
    (
     (21 27 26 20)
     (27 35 34 26)
     (35 28 29 34)
     (21 20 29 28)
    )
    
    cyclic crotor
    (
      (6 0 1 7)
      (4 10 11 5)
    )

    cyclic stator1
    (
      (18 12 13 19 )
      (17 23 22 16 )
    )

    cyclic stator2
    (
      (23 31 30 22 )      
      (24 18 19 25 )      
    )

    cyclic stator3
    (
      (31 37 36 30 )      
      (32 24 25 33 )      
    )


    patch Rest
    ( 
       (1 2 8 7)
       (2 5 11 8)
       (3 4 10 9)
       (0 3 9 6)
       (14 16 22 20)
       (20 22 30 29)
       (13 14 20 19)

       (19 20 26 25)
       (29 30 36 34)
       (25 26 34 33)
       (15 12 18 21)
       (17 15 21 23)
       (23 21 28 31)
       (31 28 35 37)
       (21 18 24 27)
       (27 24 32 35)
    )
);


