/*--------------------------------*- C++ -*----------------------------------*\
| =========                 |                                                 |
| \\      /  F ield         | OpenFOAM: The Open Source CFD Toolbox           |
|  \\    /   O peration     | Version:  1.5.x                                 |
|   \\  /    A nd           | Web:      http://www.OpenFOAM.org               |
|    \\/     M anipulation  |                                                 |
\*---------------------------------------------------------------------------*/
FoamFile
{
    version     2.0;
    format      ascii;
    class       dictionary;
    object      sampleDict;
}
// * * * * * * * * * * * * * * * * * * * * * * * * * * * * * * * * * * * * * //

interpolationScheme cellPoint;
//interpolationScheme cellPointFace;
//interpolationScheme cell;

//setFormat     xmgr;
//setFormat     gnuplot;
setFormat     raw;
//setFormat     jplot;

sets      
(
    test //Resulting file name
    {
        type            curve;
        axis            xyz;         //x-axis in plot

points
(
( 0.2142 0 0)
( 0.214167376302499 0.003738305458866128 0)
( 0.2140695151474903 0.007475472193675708 0)
( 0.2139064463444297 0.01121036182723857 0)
( 0.2136782195656543 0.01494183667599164 0)
( 0.2133849043312519 0.01866876009654838 0)
( 0.2130265899878842 0.02238999683193137 0)
( 0.2126033856815712 0.02610441335738259 0)
( 0.2121154203244444 0.02981087822564602 0)
( 0.2115628425554785 0.03350826241161745 0)
( 0.2109458206952149 0.03719543965625648 0)
( 0.2102645426944896 0.0408712868096559 0)
( 0.2095192160771812 0.04453468417316404 0)
( 0.2087100678769974 0.04818451584045588 0)
( 0.2078373445683185 0.05181967003744883 0)
( 0.2069013119911184 0.05543903946095994 0)
( 0.2059022552699879 0.05904152161600122 0)
( 0.2048404787272822 0.06262601915161022 0)
( 0.2037163057904219 0.06619144019511373 0)
( 0.2025300788933737 0.06973669868472296 0)
( 0.2012821593723416 0.07326071470035823 0)
( 0.1999729273557006 0.07676241479260332 0)
( 0.1986027816482059 0.08024073230968835 0)
( 0.1971721396095127 0.08369460772240243 0)
( 0.1956814370270451 0.0871229889468364 0)
( 0.1941311279832504 0.09052483166485782 0)
( 0.1925216847172816 0.09389909964222037 0)
( 0.1908535974811484 0.09724476504421091 0)
( 0.1891273743903822 0.1005608087487378 0)
( 0.1873435412692586 0.1038462206567654 0)
( 0.1855026414906268 0.1071 0)
( 0.1836052358103925 0.1103211556457336 0)
( 0.1816519021967064 0.1135087063987525 0)
( 0.1796432356539098 0.1166616813002188 0)
( 0.1775798480412899 0.119779119923434 0)
( 0.1754623678867021 0.1228600726663941 0)
( 0.1732914401951137 0.1259036010410478 0)
( 0.1710677262521301 0.1289087779591687 0)
( 0.1687919034225599 0.131874688014756 0)
( 0.1664646649440832 0.1348004277628752 0)
( 0.1640867197160851 0.1376851059948567 0)
( 0.1616587920837178 0.1405278440097666 0)
( 0.1591816216172579 0.1433277758820674 0)
( 0.1566559628868263 0.1460840487253872 0)
( 0.1540825852325391 0.1487958229523172 0)
( 0.1514622725301585 0.1514622725301585 0)
( 0.1487958229523172 0.1540825852325391 0)
( 0.1460840487253872 0.1566559628868263 0)
( 0.1433277758820674 0.1591816216172578 0)
( 0.1405278440097667 0.1616587920837178 0)
( 0.1376851059948567 0.1640867197160851 0)
( 0.1348004277628752 0.1664646649440832 0)
( 0.131874688014756 0.1687919034225599 0)
( 0.1289087779591688 0.1710677262521301 0)
( 0.1259036010410478 0.1732914401951137 0)
( 0.1228600726663941 0.1754623678867021 0)
( 0.119779119923434 0.1775798480412899 0)
( 0.1166616813002188 0.1796432356539098 0)
( 0.1135087063987525 0.1816519021967064 0)
( 0.1103211556457337 0.1836052358103925 0)
( 0.1071 0.1855026414906268 0)
( 0.1038462206567654 0.1873435412692586 0)
( 0.1005608087487378 0.1891273743903821 0)
( 0.09724476504421092 0.1908535974811484 0)
( 0.09389909964222039 0.1925216847172816 0)
( 0.09052483166485782 0.1941311279832504 0)
( 0.0871229889468364 0.1956814370270451 0)
( 0.08369460772240248 0.1971721396095127 0)
( 0.08024073230968834 0.1986027816482059 0)
( 0.07676241479260335 0.1999729273557006 0)
( 0.07326071470035826 0.2012821593723416 0)
( 0.06973669868472297 0.2025300788933737 0)
( 0.06619144019511375 0.2037163057904219 0)
( 0.06262601915161022 0.2048404787272822 0)
( 0.05904152161600122 0.2059022552699879 0)
( 0.05543903946095994 0.2069013119911184 0)
( 0.05181967003744886 0.2078373445683185 0)
( 0.04818451584045587 0.2087100678769974 0)
( 0.04453468417316408 0.2095192160771812 0)
( 0.04087128680965592 0.2102645426944896 0)
( 0.0371954396562565 0.2109458206952149 0)
( 0.03350826241161747 0.2115628425554785 0)
( 0.02981087822564607 0.2121154203244444 0)
( 0.02610441335738259 0.2126033856815712 0)
( 0.02238999683193137 0.2130265899878842 0)
( 0.01866876009654837 0.2133849043312519 0)
( 0.01494183667599167 0.2136782195656543 0)
( 0.0112103618272386 0.2139064463444297 0)
( 0.007475472193675731 0.2140695151474903 0)
( 0.003738305458866099 0.214167376302499 0)
( 1.311553404943766e-17 0.2142 0)
( -0.003738305458866121 0.214167376302499 0)
( -0.007475472193675657 0.2140695151474903 0)
( -0.01121036182723852 0.2139064463444297 0)
( -0.01494183667599165 0.2136782195656543 0)
( -0.01866876009654839 0.2133849043312519 0)
( -0.02238999683193135 0.2130265899878842 0)
( -0.02610441335738256 0.2126033856815712 0)
( -0.029810878225646 0.2121154203244444 0)
( -0.03350826241161749 0.2115628425554785 0)
( -0.03719543965625647 0.2109458206952149 0)
( -0.0408712868096559 0.2102645426944896 0)
( -0.044534684173164 0.2095192160771812 0)
( -0.04818451584045584 0.2087100678769974 0)
( -0.05181967003744884 0.2078373445683185 0)
( -0.05543903946095997 0.2069013119911184 0)
( -0.05904152161600119 0.2059022552699879 0)
( -0.06262601915161019 0.2048404787272822 0)
( -0.06619144019511372 0.2037163057904219 0)
( -0.0697366986847229 0.2025300788933737 0)
( -0.07326071470035823 0.2012821593723416 0)
( -0.07676241479260332 0.1999729273557006 0)
( -0.08024073230968837 0.1986027816482059 0)
( -0.08369460772240241 0.1971721396095127 0)
( -0.08712298894683637 0.1956814370270451 0)
( -0.09052483166485779 0.1941311279832504 0)
( -0.0938990996422204 0.1925216847172816 0)
( -0.0972447650442109 0.1908535974811484 0)
( -0.1005608087487378 0.1891273743903822 0)
( -0.1038462206567654 0.1873435412692586 0)
( -0.1071 0.1855026414906268 0)
( -0.1103211556457336 0.1836052358103925 0)
( -0.1135087063987525 0.1816519021967065 0)
( -0.1166616813002188 0.1796432356539098 0)
( -0.1197791199234339 0.1775798480412899 0)
( -0.122860072666394 0.1754623678867021 0)
( -0.1259036010410477 0.1732914401951137 0)
( -0.1289087779591688 0.1710677262521301 0)
( -0.131874688014756 0.1687919034225599 0)
( -0.1348004277628752 0.1664646649440832 0)
( -0.1376851059948567 0.1640867197160851 0)
( -0.1405278440097667 0.1616587920837177 0)
( -0.1433277758820674 0.1591816216172579 0)
( -0.1460840487253872 0.1566559628868263 0)
( -0.1487958229523172 0.1540825852325391 0)
( -0.1514622725301585 0.1514622725301585 0)
( -0.1540825852325391 0.1487958229523172 0)
( -0.1566559628868263 0.1460840487253872 0)
( -0.1591816216172578 0.1433277758820675 0)
( -0.1616587920837178 0.1405278440097667 0)
( -0.1640867197160851 0.1376851059948568 0)
( -0.1664646649440831 0.1348004277628752 0)
( -0.1687919034225598 0.131874688014756 0)
( -0.1710677262521302 0.1289087779591687 0)
( -0.1732914401951137 0.1259036010410478 0)
( -0.175462367886702 0.1228600726663941 0)
( -0.1775798480412899 0.119779119923434 0)
( -0.1796432356539099 0.1166616813002188 0)
( -0.1816519021967064 0.1135087063987525 0)
( -0.1836052358103925 0.1103211556457337 0)
( -0.1855026414906268 0.1071 0)
( -0.1873435412692586 0.1038462206567654 0)
( -0.1891273743903821 0.1005608087487379 0)
( -0.1908535974811484 0.09724476504421094 0)
( -0.1925216847172816 0.09389909964222036 0)
( -0.1941311279832504 0.09052483166485784 0)
( -0.1956814370270451 0.08712298894683645 0)
( -0.1971721396095127 0.08369460772240253 0)
( -0.1986027816482059 0.0802407323096884 0)
( -0.1999729273557006 0.0767624147926033 0)
( -0.2012821593723416 0.07326071470035828 0)
( -0.2025300788933737 0.06973669868472304 0)
( -0.2037163057904219 0.06619144019511376 0)
( -0.2048404787272822 0.06262601915161027 0)
( -0.2059022552699879 0.05904152161600133 0)
( -0.2069013119911184 0.05543903946096 0)
( -0.2078373445683185 0.05181967003744883 0)
( -0.2087100678769974 0.04818451584045583 0)
( -0.2095192160771812 0.04453468417316404 0)
( -0.2102645426944896 0.04087128680965593 0)
( -0.2109458206952149 0.03719543965625646 0)
( -0.2115628425554785 0.03350826241161747 0)
( -0.2121154203244444 0.02981087822564608 0)
( -0.2126033856815712 0.02610441335738261 0)
( -0.2130265899878842 0.02238999683193143 0)
( -0.2133849043312519 0.01866876009654848 0)
( -0.2136782195656543 0.01494183667599169 0)
( -0.2139064463444297 0.01121036182723856 0)
( -0.2140695151474903 0.00747547219367565 0)
( -0.214167376302499 0.003738305458866113 0)
( -0.2142 2.623106809887532e-17 0)
( -0.214167376302499 -0.00373830545886606 0)
( -0.2140695151474903 -0.007475472193675693 0)
( -0.2139064463444297 -0.01121036182723851 0)
( -0.2136782195656544 -0.01494183667599154 0)
( -0.2133849043312519 -0.01866876009654833 0)
( -0.2130265899878842 -0.02238999683193128 0)
( -0.2126033856815712 -0.02610441335738265 0)
( -0.2121154203244444 -0.02981087822564604 0)
( -0.2115628425554785 -0.03350826241161742 0)
( -0.2109458206952149 -0.0371954396562565 0)
( -0.2102645426944896 -0.04087128680965588 0)
( -0.2095192160771812 -0.044534684173164 0)
( -0.2087100678769974 -0.04818451584045588 0)
( -0.2078373445683185 -0.05181967003744878 0)
( -0.2069013119911185 -0.05543903946095986 0)
( -0.2059022552699879 -0.05904152161600119 0)
( -0.2048404787272822 -0.06262601915161013 0)
( -0.2037163057904219 -0.0661914401951138 0)
( -0.2025300788933737 -0.06973669868472297 0)
( -0.2012821593723416 -0.07326071470035822 0)
( -0.1999729273557006 -0.07676241479260336 0)
( -0.1986027816482059 -0.08024073230968835 0)
( -0.1971721396095127 -0.08369460772240239 0)
( -0.1956814370270452 -0.08712298894683632 0)
( -0.1941311279832504 -0.09052483166485778 0)
( -0.1925216847172816 -0.0938990996422203 0)
( -0.1908535974811484 -0.09724476504421081 0)
( -0.1891273743903821 -0.1005608087487378 0)
( -0.1873435412692586 -0.1038462206567654 0)
( -0.1855026414906268 -0.1071 0)
( -0.1836052358103925 -0.1103211556457336 0)
( -0.1816519021967065 -0.1135087063987525 0)
( -0.1796432356539098 -0.1166616813002188 0)
( -0.17757984804129 -0.1197791199234339 0)
( -0.1754623678867021 -0.122860072666394 0)
( -0.1732914401951138 -0.1259036010410477 0)
( -0.1710677262521302 -0.1289087779591687 0)
( -0.1687919034225599 -0.1318746880147559 0)
( -0.1664646649440832 -0.1348004277628752 0)
( -0.1640867197160851 -0.1376851059948567 0)
( -0.1616587920837178 -0.1405278440097667 0)
( -0.1591816216172579 -0.1433277758820674 0)
( -0.1566559628868263 -0.1460840487253872 0)
( -0.1540825852325391 -0.1487958229523172 0)
( -0.1514622725301585 -0.1514622725301585 0)
( -0.1487958229523173 -0.154082585232539 0)
( -0.1460840487253873 -0.1566559628868262 0)
( -0.1433277758820675 -0.1591816216172578 0)
( -0.1405278440097667 -0.1616587920837177 0)
( -0.1376851059948568 -0.1640867197160851 0)
( -0.1348004277628751 -0.1664646649440832 0)
( -0.131874688014756 -0.1687919034225599 0)
( -0.1289087779591687 -0.1710677262521301 0)
( -0.1259036010410478 -0.1732914401951137 0)
( -0.1228600726663941 -0.175462367886702 0)
( -0.1197791199234341 -0.1775798480412899 0)
( -0.1166616813002188 -0.1796432356539098 0)
( -0.1135087063987525 -0.1816519021967064 0)
( -0.1103211556457337 -0.1836052358103924 0)
( -0.1071000000000001 -0.1855026414906267 0)
( -0.1038462206567654 -0.1873435412692586 0)
( -0.1005608087487378 -0.1891273743903822 0)
( -0.09724476504421095 -0.1908535974811484 0)
( -0.09389909964222046 -0.1925216847172815 0)
( -0.09052483166485793 -0.1941311279832504 0)
( -0.08712298894683639 -0.1956814370270451 0)
( -0.08369460772240245 -0.1971721396095127 0)
( -0.08024073230968841 -0.1986027816482059 0)
( -0.07676241479260341 -0.1999729273557006 0)
( -0.07326071470035839 -0.2012821593723415 0)
( -0.06973669868472296 -0.2025300788933737 0)
( -0.06619144019511376 -0.2037163057904219 0)
( -0.06262601915161028 -0.2048404787272822 0)
( -0.05904152161600116 -0.2059022552699879 0)
( -0.05543903946095992 -0.2069013119911184 0)
( -0.05181967003744884 -0.2078373445683185 0)
( -0.04818451584045594 -0.2087100678769974 0)
( -0.04453468417316415 -0.2095192160771812 0)
( -0.04087128680965604 -0.2102645426944896 0)
( -0.03719543965625648 -0.2109458206952149 0)
( -0.03350826241161749 -0.2115628425554785 0)
( -0.02981087822564591 -0.2121154203244444 0)
( -0.02610441335738252 -0.2126033856815712 0)
( -0.02238999683193135 -0.2130265899878842 0)
( -0.0186687600965484 -0.2133849043312519 0)
( -0.0149418366759917 -0.2136782195656543 0)
( -0.01121036182723867 -0.2139064463444297 0)
( -0.007475472193675853 -0.2140695151474903 0)
( -0.003738305458866125 -0.214167376302499 0)
( -3.934660214831298e-17 -0.2142 0)
( 0.003738305458866047 -0.214167376302499 0)
( 0.007475472193675775 -0.2140695151474903 0)
( 0.01121036182723859 -0.2139064463444297 0)
( 0.01494183667599162 -0.2136782195656544 0)
( 0.01866876009654832 -0.2133849043312519 0)
( 0.02238999683193127 -0.2130265899878842 0)
( 0.02610441335738263 -0.2126033856815712 0)
( 0.02981087822564602 -0.2121154203244444 0)
( 0.03350826241161741 -0.2115628425554785 0)
( 0.0371954396562564 -0.210945820695215 0)
( 0.04087128680965578 -0.2102645426944897 0)
( 0.04453468417316388 -0.2095192160771812 0)
( 0.04818451584045587 -0.2087100678769974 0)
( 0.05181967003744877 -0.2078373445683185 0)
( 0.05543903946096002 -0.2069013119911184 0)
( 0.05904152161600127 -0.2059022552699879 0)
( 0.0626260191516102 -0.2048404787272822 0)
( 0.06619144019511369 -0.2037163057904219 0)
( 0.06973669868472289 -0.2025300788933737 0)
( 0.07326071470035812 -0.2012821593723416 0)
( 0.07676241479260316 -0.1999729273557007 0)
( 0.08024073230968834 -0.1986027816482059 0)
( 0.08369460772240238 -0.1971721396095127 0)
( 0.08712298894683648 -0.1956814370270451 0)
( 0.09052483166485786 -0.1941311279832504 0)
( 0.09389909964222037 -0.1925216847172816 0)
( 0.0972447650442109 -0.1908535974811484 0)
( 0.1005608087487377 -0.1891273743903822 0)
( 0.1038462206567653 -0.1873435412692586 0)
( 0.1071 -0.1855026414906268 0)
( 0.1103211556457336 -0.1836052358103925 0)
( 0.1135087063987524 -0.1816519021967065 0)
( 0.1166616813002187 -0.1796432356539099 0)
( 0.1197791199234338 -0.17757984804129 0)
( 0.1228600726663941 -0.1754623678867021 0)
( 0.1259036010410477 -0.1732914401951138 0)
( 0.1289087779591687 -0.1710677262521302 0)
( 0.131874688014756 -0.1687919034225598 0)
( 0.1348004277628752 -0.1664646649440832 0)
( 0.1376851059948567 -0.1640867197160851 0)
( 0.1405278440097666 -0.1616587920837178 0)
( 0.1433277758820674 -0.1591816216172579 0)
( 0.1460840487253871 -0.1566559628868264 0)
( 0.1487958229523171 -0.1540825852325392 0)
( 0.1514622725301585 -0.1514622725301585 0)
( 0.154082585232539 -0.1487958229523173 0)
( 0.1566559628868264 -0.1460840487253871 0)
( 0.1591816216172579 -0.1433277758820674 0)
( 0.1616587920837178 -0.1405278440097667 0)
( 0.164086719716085 -0.1376851059948568 0)
( 0.1664646649440831 -0.1348004277628753 0)
( 0.1687919034225598 -0.1318746880147561 0)
( 0.1710677262521301 -0.1289087779591687 0)
( 0.1732914401951137 -0.1259036010410478 0)
( 0.175462367886702 -0.1228600726663942 0)
( 0.1775798480412899 -0.1197791199234341 0)
( 0.1796432356539098 -0.1166616813002188 0)
( 0.1816519021967063 -0.1135087063987527 0)
( 0.1836052358103924 -0.1103211556457337 0)
( 0.1855026414906267 -0.1071000000000001 0)
( 0.1873435412692586 -0.1038462206567654 0)
( 0.1891273743903821 -0.1005608087487378 0)
( 0.1908535974811484 -0.09724476504421097 0)
( 0.1925216847172816 -0.09389909964222029 0)
( 0.1941311279832504 -0.09052483166485795 0)
( 0.1956814370270451 -0.0871229889468364 0)
( 0.1971721396095126 -0.08369460772240264 0)
( 0.1986027816482059 -0.08024073230968842 0)
( 0.1999729273557006 -0.07676241479260343 0)
( 0.2012821593723416 -0.07326071470035822 0)
( 0.2025300788933736 -0.06973669868472314 0)
( 0.2037163057904219 -0.06619144019511378 0)
( 0.2048404787272822 -0.0626260191516101 0)
( 0.2059022552699879 -0.05904152161600135 0)
( 0.2069013119911184 -0.05543903946095993 0)
( 0.2078373445683185 -0.05181967003744885 0)
( 0.2087100678769974 -0.04818451584045595 0)
( 0.2095192160771812 -0.04453468417316416 0)
( 0.2102645426944896 -0.04087128680965587 0)
( 0.2109458206952149 -0.03719543965625668 0)
( 0.2115628425554785 -0.0335082624116175 0)
( 0.2121154203244444 -0.02981087822564611 0)
( 0.2126033856815712 -0.02610441335738273 0)
( 0.2130265899878842 -0.02238999683193136 0)
( 0.2133849043312519 -0.01866876009654841 0)
( 0.2136782195656544 -0.01494183667599152 0)
( 0.2139064463444297 -0.01121036182723868 0)
( 0.2140695151474903 -0.007475472193675677 0)
( 0.214167376302499 -0.003738305458866329 0)
( 0.2142 -5.246213619775064e-17 0)
( 0.214167376302499 0.003738305458866034 0)
( 0.2140695151474903 0.007475472193675571 0)
( 0.2139064463444297 0.01121036182723858 0)
( 0.2136782195656544 0.01494183667599161 0)
( 0.2133849043312519 0.01866876009654849 0)
( 0.2130265899878842 0.02238999683193126 0)
( 0.2126033856815712 0.02610441335738262 0)
( 0.2121154203244444 0.02981087822564582 0)
( 0.2115628425554785 0.0335082624116174 0)
( 0.210945820695215 0.03719543965625639 0)
( 0.2102645426944896 0.04087128680965595 0)
( 0.2095192160771812 0.04453468417316387 0)
( 0.2087100678769974 0.04818451584045585 0)
( 0.2078373445683184 0.05181967003744894 0)
( 0.2069013119911185 0.05543903946095984 0)
( 0.2059022552699879 0.05904152161600126 0)
( 0.2048404787272822 0.06262601915161019 0)
( 0.2037163057904219 0.06619144019511368 0)
( 0.2025300788933737 0.06973669868472288 0)
( 0.2012821593723416 0.07326071470035829 0)
( 0.1999729273557007 0.07676241479260315 0)
( 0.1986027816482059 0.08024073230968833 0)
( 0.1971721396095128 0.0836946077224022 0)
( 0.1956814370270452 0.0871229889468363 0)
( 0.1941311279832504 0.09052483166485785 0)
( 0.1925216847172816 0.09389909964222037 0)
( 0.1908535974811483 0.09724476504421105 0)
( 0.1891273743903822 0.1005608087487377 0)
( 0.1873435412692586 0.1038462206567654 0)
( 0.1855026414906268 0.1070999999999998 0)
( 0.1836052358103925 0.1103211556457336 0)
( 0.1816519021967065 0.1135087063987524 0)
( 0.1796432356539099 0.1166616813002187 0)
( 0.17757984804129 0.1197791199234338 0)
( 0.1754623678867021 0.1228600726663941 0)
( 0.1732914401951136 0.1259036010410478 0)
( 0.1710677262521302 0.1289087779591687 0)
( 0.1687919034225598 0.131874688014756 0)
( 0.1664646649440833 0.134800427762875 0)
( 0.1640867197160851 0.1376851059948567 0)
( 0.1616587920837178 0.1405278440097666 0)
( 0.1591816216172578 0.1433277758820675 0)
( 0.1566559628868264 0.1460840487253871 0)
( 0.1540825852325391 0.1487958229523172 0)
( 0.1514622725301586 0.1514622725301583 0)
( 0.1487958229523173 0.154082585232539 0)
( 0.1460840487253872 0.1566559628868264 0)
( 0.1433277758820676 0.1591816216172577 0)
( 0.1405278440097667 0.1616587920837178 0)
( 0.1376851059948568 0.164086719716085 0)
( 0.1348004277628751 0.1664646649440832 0)
( 0.1318746880147561 0.1687919034225597 0)
( 0.1289087779591688 0.1710677262521301 0)
( 0.1259036010410479 0.1732914401951136 0)
( 0.1228600726663942 0.175462367886702 0)
( 0.1197791199234339 0.17757984804129 0)
( 0.1166616813002188 0.1796432356539098 0)
( 0.1135087063987525 0.1816519021967064 0)
( 0.1103211556457337 0.1836052358103924 0)
( 0.1070999999999999 0.1855026414906268 0)
( 0.1038462206567655 0.1873435412692585 0)
( 0.1005608087487378 0.1891273743903821 0)
( 0.09724476504421098 0.1908535974811484 0)
( 0.09389909964222047 0.1925216847172815 0)
( 0.09052483166485795 0.1941311279832504 0)
( 0.0871229889468364 0.1956814370270451 0)
( 0.08369460772240229 0.1971721396095128 0)
( 0.08024073230968844 0.1986027816482058 0)
( 0.07676241479260326 0.1999729273557006 0)
( 0.0732607147003584 0.2012821593723415 0)
( 0.06973669868472297 0.2025300788933737 0)
( 0.0661914401951138 0.2037163057904219 0)
( 0.06262601915161012 0.2048404787272822 0)
( 0.05904152161600136 0.2059022552699879 0)
( 0.05543903946095994 0.2069013119911184 0)
( 0.05181967003744906 0.2078373445683184 0)
( 0.04818451584045597 0.2087100678769974 0)
( 0.04453468417316399 0.2095192160771812 0)
( 0.04087128680965606 0.2102645426944896 0)
( 0.0371954396562565 0.2109458206952149 0)
( 0.03350826241161751 0.2115628425554785 0)
( 0.02981087822564593 0.2121154203244444 0)
( 0.02610441335738274 0.2126033856815712 0)
( 0.02238999683193137 0.2130265899878842 0)
( 0.01866876009654861 0.2133849043312519 0)
( 0.01494183667599173 0.2136782195656543 0)
( 0.0112103618272387 0.2139064463444297 0)
( 0.007475472193675689 0.2140695151474903 0)
( 0.003738305458866151 0.214167376302499 0)
( 6.557767024718831e-17 0.2142 0)
( -0.003738305458866211 0.214167376302499 0)
( -0.007475472193675558 0.2140695151474903 0)
( -0.01121036182723857 0.2139064463444297 0)
( -0.01494183667599141 0.2136782195656544 0)
( -0.01866876009654829 0.2133849043312519 0)
( -0.02238999683193124 0.2130265899878842 0)
( -0.02610441335738261 0.2126033856815712 0)
( -0.0298108782256458 0.2121154203244444 0)
( -0.0335082624116172 0.2115628425554785 0)
( -0.03719543965625638 0.210945820695215 0)
( -0.04087128680965594 0.2102645426944896 0)
( -0.04453468417316423 0.2095192160771811 0)
( -0.04818451584045583 0.2087100678769974 0)
( -0.05181967003744892 0.2078373445683184 0)
( -0.05543903946095982 0.2069013119911185 0)
( -0.05904152161600124 0.2059022552699879 0)
( -0.06262601915161001 0.2048404787272823 0)
( -0.06619144019511368 0.2037163057904219 0)
( -0.06973669868472268 0.2025300788933738 0)
( -0.0732607147003581 0.2012821593723416 0)
( -0.07676241479260332 0.1999729273557006 0)
( -0.08024073230968815 0.198602781648206 0)
( -0.08369460772240236 0.1971721396095127 0)
( -0.08712298894683645 0.1956814370270451 0)
( -0.09052483166485767 0.1941311279832505 0)
( -0.09389909964222036 0.1925216847172816 0)
( -0.09724476504421103 0.1908535974811483 0)
( -0.1005608087487377 0.1891273743903822 0)
( -0.1038462206567654 0.1873435412692586 0)
( -0.1070999999999998 0.1855026414906269 0)
( -0.1103211556457336 0.1836052358103925 0)
( -0.1135087063987526 0.1816519021967064 0)
( -0.1166616813002187 0.1796432356539099 0)
( -0.119779119923434 0.1775798480412899 0)
( -0.1228600726663939 0.1754623678867022 0)
( -0.1259036010410477 0.1732914401951138 0)
( -0.1289087779591685 0.1710677262521303 0)
( -0.1318746880147559 0.16879190342256 0)
( -0.1348004277628752 0.1664646649440832 0)
( -0.1376851059948565 0.1640867197160853 0)
( -0.1405278440097666 0.1616587920837178 0)
( -0.1433277758820675 0.1591816216172578 0)
( -0.1460840487253873 0.1566559628868262 0)
( -0.1487958229523172 0.1540825852325391 0)
( -0.1514622725301586 0.1514622725301584 0)
( -0.154082585232539 0.1487958229523173 0)
( -0.1566559628868263 0.1460840487253872 0)
( -0.1591816216172577 0.1433277758820676 0)
( -0.1616587920837177 0.1405278440097667 0)
( -0.1640867197160849 0.1376851059948569 0)
 
   );
    }
);

surfaces
();

fields          
(
    magU
    p
    k
    epsilon
    Ux
    Uy
    Uz
    ptot);

// ************************************************************************* //
