/*--------------------------------*- C++ -*----------------------------------*\
| =========                 |                                                 |
| \\      /  F ield         | OpenFOAM: The Open Source CFD Toolbox           |
|  \\    /   O peration     | Version:  1.5.x                                 |
|   \\  /    A nd           | Web:      http://www.OpenFOAM.org               |
|    \\/     M anipulation  |                                                 |
\*---------------------------------------------------------------------------*/
FoamFile
{
    version     2.0;
    format      ascii;
    class       dictionary;
    object      sampleDict;
}
// * * * * * * * * * * * * * * * * * * * * * * * * * * * * * * * * * * * * * //

interpolationScheme cellPoint;
//interpolationScheme cellPointFace;
//interpolationScheme cell;

//setFormat     xmgr;
//setFormat     gnuplot;
setFormat     raw;
//setFormat     jplot;

sets      
(
    test //Resulting file name
    {
        type            curve;
        axis            xyz;         //x-axis in plot

points
(

( 0.124642490091848204 -0.108350063605234082  0 )
( 0.126514475784431701 -0.106158249969303703  0 )
( 0.128347923942118192 -0.103934099502054608  0 )
( 0.130142276078837604 -0.101678289701264926  0 )
( 0.131896985617546869 -0.099391507708452412  0 )
( 0.133611518056722223 -0.097074450099564960  0 )
( 0.135285351133173665 -0.094727822672795822  0 )
( 0.136917974981131341 -0.092352340233591484  0 )
( 0.138508892287555530 -0.089948726376914687  0 )
( 0.140057618443623078 -0.087517713266830860  0 )
( 0.141563681692344262 -0.085060041413482584  0 )
( 0.143026623272263675 -0.082576459447524730  0 )
( 0.144445997557204414 -0.080067723892082956  0 )
( 0.145821372192009330 -0.077534598932310267  0 )
( 0.147152328224241319 -0.074977856182608313  0 )
( 0.148438460231799546 -0.072398274451586184  0 )
( 0.149679376446415463 -0.069796639504828548  0 )
( 0.150874698872989155 -0.067173743825542254  0 )
( 0.152024063404730042 -0.064530386373160276  0 )
( 0.153127119934067885 -0.061867372339968883  0 )
( 0.154183532459297890 -0.059185512905840183  0 )
( 0.155192979186931479 -0.056485624991137288  0 )
( 0.156155152629716465 -0.053768531007873821  0 )
( 0.157069759700301653 -0.051035058609197631  0 )
( 0.157936521800513124 -0.048286040437281366  0 )
( 0.158755174906218738 -0.045522313869690807  0 )
( 0.159525469647751938 -0.042744720764310712  0 )
( 0.160247171385872661 -0.039954107202908526  0 )
( 0.160920060283239907 -0.037151323233408216  0 )
( 0.161543931371377292 -0.034337222610958062  0 )
( 0.162118594613107736 -0.031512662537868323  0 )
( 0.162643874960440887 -0.028678503402499812  0 )
( 0.163119612407894604 -0.025835608517179712  0 )
( 0.163545662041233691 -0.022984843855230266  0 )
( 0.163921894081612590 -0.020127077787183343  0 )
( 0.164248193925107200 -0.017263180816266904  0 )
( 0.164524462177624176 -0.014394025313241797  0 )
( 0.164750614685177682 -0.011520485250668070  0 )
( 0.164926582559522944 -0.008643435936685838  0 )
( 0.165052312199140988 -0.005763753748386160  0 )
( 0.165127765305565471 -0.002882315864860275  0 )
( 0.165152918895049322 -0.000000000000000040  0 )
( 0.165127765305565471 0.002882315864860048  0 )
( 0.165052312199140988 0.005763753748386078  0 )
( 0.164926582559522944 0.008643435936685762  0 )
( 0.164750614685177682 0.011520485250668139  0 )
( 0.164524462177624176 0.014394025313241857  0 )
( 0.164248193925107200 0.017263180816266824  0 )
( 0.163921894081612590 0.020127077787183256  0 )
( 0.163545662041233691 0.022984843855230044  0 )
( 0.163119612407894604 0.025835608517179632  0 )
( 0.162643874960440971 0.028678503402499594  0 )
( 0.162118594613107736 0.031512662537868386  0 )
( 0.161543931371377292 0.034337222610957840  0 )
( 0.160920060283239907 0.037151323233408140  0 )
( 0.160247171385872578 0.039954107202908595  0 )
( 0.159525469647752050 0.042744720764310642  0 )
( 0.158755174906218738 0.045522313869690738  0 )
( 0.157936521800513124 0.048286040437281429  0 )
( 0.157069759700301653 0.051035058609197555  0 )
( 0.156155152629716548 0.053768531007873620  0 )
( 0.155192979186931479 0.056485624991137344  0 )
( 0.154183532459297973 0.059185512905839968  0 )
( 0.153127119934067885 0.061867372339968807  0 )
( 0.152024063404730181 0.064530386373159929  0 )
( 0.150874698872989238 0.067173743825542170  0 )
( 0.149679376446415463 0.069796639504828478  0 )
( 0.148438460231799546 0.072398274451586253  0 )
( 0.147152328224241236 0.074977856182608368  0 )
( 0.145821372192009441 0.077534598932310184  0 )
( 0.144445997557204414 0.080067723892082956  0 )
( 0.143026623272263759 0.082576459447524508  0 )
( 0.141563681692344345 0.085060041413482501  0 )
( 0.140057618443623244 0.087517713266830624  0 )
( 0.138508892287555613 0.089948726376914617  0 )
( 0.136917974981131424 0.092352340233591262  0 )
( 0.135285351133173748 0.094727822672795739  0 )
( 0.133611518056722167 0.097074450099564960  0 )
( 0.131896985617546952 0.099391507708452412  0 )
( 0.130142276078837604 0.101678289701264829  0 )
( 0.128347923942118330 0.103934099502054386  0 )
( 0.126514475784431785 0.106158249969303620  0 )
( 0.124642490091848204 0.108350063605233998  0 )
( 0.122732537089343632 0.110508872762179730  0 )
( 0.120785198567105012 0.112634019845958389  0 )
( 0.118801067703310226 0.114724857516181875  0 )
( 0.116780748883441352 0.116780748883441116  0 )
( 0.114724857516181958 0.118801067703310170  0 )
( 0.112634019845958458 0.120785198567105012  0 )
( 0.110508872762179813 0.122732537089343563  0 )
( 0.108350063605234082 0.124642490091848204  0 )
( 0.106158249969303703 0.126514475784431701  0 )
( 0.103934099502054456 0.128347923942118275  0 )
( 0.101678289701264926 0.130142276078837521  0 )
( 0.099391507708452495 0.131896985617546869  0 )
( 0.097074450099565029 0.133611518056722167  0 )
( 0.094727822672795822 0.135285351133173665  0 )
( 0.092352340233591332 0.136917974981131424  0 )
( 0.089948726376914687 0.138508892287555530  0 )
( 0.087517713266830707 0.140057618443623161  0 )
( 0.085060041413482584 0.141563681692344262  0 )
( 0.082576459447524578 0.143026623272263759  0 )
( 0.080067723892083040 0.144445997557204359  0 )

 
   );
    }
);

surfaces
();

fields          
(
    magU
    p
    k
    epsilon
    Ux
    Uy
    Uz
    ptot);

// ************************************************************************* //
