/*--------------------------------*- C++ -*----------------------------------*\
| =========                 |                                                 |
| \\      /  F ield         | OpenFOAM: The Open Source CFD Toolbox           |
|  \\    /   O peration     | Version:  1.5.x                                 |
|   \\  /    A nd           | Web:      http://www.OpenFOAM.org               |
|    \\/     M anipulation  |                                                 |
\*---------------------------------------------------------------------------*/
FoamFile
{
    version     2.0;
    format      ascii;
    class       dictionary;
    object      sampleDict;
}
// * * * * * * * * * * * * * * * * * * * * * * * * * * * * * * * * * * * * * //

interpolationScheme cellPoint;
//interpolationScheme cellPointFace;
//interpolationScheme cell;

//setFormat     xmgr;
//setFormat     gnuplot;
setFormat     raw;
//setFormat     jplot;

sets      
(
    test //Resulting file name
    {
        type            curve;
        axis            xyz;         //x-axis in plot

points
(
( 0.061429481142710421 -0.125949101173122135  0 )
( 0.063618240039275867 -0.124857826242831274  0 )
( 0.065787620203641595 -0.123728518409141952  0 )
( 0.067936960821594353 -0.122561521670160073  0 )
( 0.070065607183160794 -0.121357191504397402  0 )
( 0.072172910882038380 -0.120115894762488962  0 )
( 0.074258230013106580 -0.118838009555447044  0 )
( 0.076320929367957216 -0.117523925139484939  0 )
( 0.078360380628384879 -0.116174041797445476  0 )
( 0.080375962557779262 -0.114788770716871297  0 )
( 0.082367061190358928 -0.113368533864752971  0 )
( 0.084333070018192430 -0.111913763858993820  0 )
( 0.086273390175945611 -0.110424903836630145  0 )
( 0.088187430623302115 -0.108902407318847899  0 )
( 0.090074608324999875 -0.107346738072834944  0 )
( 0.091934348428429513 -0.105758369970513855  0 )
( 0.093766084438739891 -0.104137786844195404  0 )
( 0.095569258391397696 -0.102485482339198825  0 )
( 0.097343321022149307 -0.100801959763482565  0 )
( 0.099087731934331749 -0.099087731934331749  0 )
( 0.100801959763482440 -0.097343321022149432  0 )
( 0.102485482339198825 -0.095569258391397696  0 )
( 0.104137786844195404 -0.093766084438739891  0 )
( 0.105758369970513855 -0.091934348428429583  0 )
( 0.107346738072834874 -0.090074608324999944  0 )
( 0.108902407318847830 -0.088187430623302171  0 )
( 0.110424903836630145 -0.086273390175945680  0 )
( 0.111913763858993737 -0.084333070018192430  0 )
( 0.113368533864752902 -0.082367061190358998  0 )
( 0.114788770716871227 -0.080375962557779332  0 )
( 0.116174041797445407 -0.078360380628385073  0 )
( 0.117523925139484856 -0.076320929367957285  0 )
( 0.118838009555446919 -0.074258230013106774  0 )
( 0.120115894762488892 -0.072172910882038463  0 )
( 0.121357191504397333 -0.070065607183160850  0 )
( 0.122561521670160073 -0.067936960821594408  0 )
( 0.123728518409141883 -0.065787620203641650  0 )
( 0.124857826242831274 -0.063618240039275922  0 )
( 0.125949101173122135 -0.061429481142710372  0 )
( 0.127002010787099301 -0.059222010231108235  0 )
( 0.128016234358294650 -0.056996499721492982  0 )
( 0.128991462944383267 -0.054753627525925296  0 )
( 0.129927399481290839 -0.052494076845002680  0 )
( 0.130823758873681306 -0.050218535959751662  0 )
( 0.131680268081800667 -0.047927698021969299  0 )
( 0.132496666204646868 -0.045622260843083635  0 )
( 0.133272704559443178 -0.043302926681592170  0 )
( 0.134008146757388952 -0.040970402029148624  0 )
( 0.134702768775666393 -0.038625397395358051  0 )
( 0.135356359025679690 -0.036268627091347982  0 )
( 0.135968718417507378 -0.033900809012183918  0 )
( 0.136539660420546438 -0.031522664418190245  0 )
( 0.137069011120332068 -0.029134917715247878  0 )
( 0.137556609271513058 -0.026738296234133044  0 )
( 0.138002306346969139 -0.024333530008965841  0 )
( 0.138405966583053680 -0.021921351554833463  0 )
( 0.138767467020948276 -0.019502495644660705  0 )
( 0.139086697544117621 -0.017077699085389673  0 )
( 0.139363560911851980 -0.014647700493541711  0 )
( 0.139597972788887414 -0.012213240070228084  0 )
( 0.139789861771095453 -0.009775059375676626  0 )
( 0.139939169407233166 -0.007333901103346461  0 )
( 0.140045850216748313 -0.004890508853694876  0 )
( 0.140109871703632788 -0.002445626907671278  0 )
( 0.140131214366321588 -0.000000000000000034  0 )
( 0.140109871703632788 0.002445626907671085  0 )
( 0.140045850216748313 0.004890508853694807  0 )
( 0.139939169407233166 0.007333901103346395  0 )
( 0.139789861771095453 0.009775059375676685  0 )
( 0.139597972788887414 0.012213240070228136  0 )
( 0.139363560911851980 0.014647700493541645  0 )
( 0.139086697544117621 0.017077699085389600  0 )
( 0.138767467020948276 0.019502495644660518  0 )
( 0.138405966583053680 0.021921351554833393  0 )
( 0.138002306346969222 0.024333530008965654  0 )
( 0.137556609271513058 0.026738296234133100  0 )
( 0.137069011120332068 0.029134917715247691  0 )
( 0.136539660420546438 0.031522664418190176  0 )
( 0.135968718417507323 0.033900809012183980  0 )
( 0.135356359025679773 0.036268627091347920  0 )
( 0.134702768775666393 0.038625397395357988  0 )
( 0.134008146757388952 0.040970402029148680  0 )
( 0.133272704559443178 0.043302926681592108  0 )
( 0.132496666204646923 0.045622260843083462  0 )
( 0.131680268081800667 0.047927698021969348  0 )
( 0.130823758873681362 0.050218535959751474  0 )
( 0.129927399481290839 0.052494076845002617  0 )
( 0.128991462944383406 0.054753627525925004  0 )
( 0.128016234358294706 0.056996499721492920  0 )
( 0.127002010787099301 0.059222010231108173  0 )
( 0.125949101173122135 0.061429481142710421  0 )
( 0.124857826242831205 0.063618240039275978  0 )
( 0.123728518409141952 0.065787620203641595  0 )
( 0.122561521670160073 0.067936960821594408  0 )
( 0.121357191504397402 0.070065607183160655  0 )
( 0.120115894762488962 0.072172910882038380  0 )
( 0.118838009555447044 0.074258230013106580  0 )
( 0.117523925139484939 0.076320929367957216  0 )
( 0.116174041797445476 0.078360380628384879  0 )
( 0.114788770716871297 0.080375962557779262  0 )
( 0.113368533864752846 0.082367061190358998  0 )
( 0.111913763858993820 0.084333070018192430  0 )
( 0.110424903836630145 0.086273390175945611  0 )
 
   );
    }
);

surfaces
();

fields          
(
    magU
    p
    k
    epsilon
    Ux
    Uy
    Uz
    ptot);

// ************************************************************************* //
