/*--------------------------------*- C++ -*----------------------------------*\
| =========                 |                                                 |
| \\      /  F ield         | OpenFOAM: The Open Source CFD Toolbox           |
|  \\    /   O peration     | Version:  1.5.x                                 |
|   \\  /    A nd           | Web:      http://www.OpenFOAM.org               |
|    \\/     M anipulation  |                                                 |
\*---------------------------------------------------------------------------*/
FoamFile
{
    version     2.0;
    format      ascii;
    class       dictionary;
    object      sampleDict;
}
// * * * * * * * * * * * * * * * * * * * * * * * * * * * * * * * * * * * * * //

interpolationScheme cellPoint;
//interpolationScheme cellPointFace;
//interpolationScheme cell;

//setFormat     xmgr;
//setFormat     gnuplot;
setFormat     raw;
//setFormat     jplot;

sets      
(
    test //Resulting file name
    {
        type            curve;
        axis            xyz;         //x-axis in plot

points
(

( 0.026013272564873229 -0.122382825354772906  0 )
( 0.028145185426498159 -0.121910191652130837  0 )
( 0.030268524991993530 -0.121400422924141022  0 )
( 0.032382644471558648 -0.120853674451296106  0 )
( 0.034486899883919918 -0.120270112778477600  0 )
( 0.036580650252494434 -0.119649915664223991  0 )
( 0.038663257800637334 -0.118993272026584301  0 )
( 0.040734088145914775 -0.118300381885571626  0 )
( 0.042792510493342983 -0.117571456302235020  0 )
( 0.044837897827534570 -0.116806717314368563  0 )
( 0.046869627103693523 -0.116006397868875996  0 )
( 0.048887079437400310 -0.115170741750813335  0 )
( 0.050889640293130804 -0.114300003509129403  0 )
( 0.052876699671448889 -0.113394448379127585  0 )
( 0.054847652294818951 -0.112454352201672825  0 )
( 0.056801897791978896 -0.111480001339167634  0 )
( 0.058738840880819022 -0.110471692588323539  0 )
( 0.060657891549710977 -0.109429733089753678  0 )
( 0.062558465237230756 -0.108354440234415095  0 )
( 0.064439983010221732 -0.107246141566928049  0 )
( 0.066301871740143639 -0.106105174685803022  0 )
( 0.068143564277652890 -0.104931887140604807  0 )
( 0.069964499625361595 -0.103726636326085531  0 )
( 0.071764123108723238 -0.102489789373318832  0 )
( 0.073541886544991150 -0.101221723037868153  0 )
( 0.075297248410201231 -0.099922823585023288  0 )
( 0.077029674004124776 -0.098593486672140226  0 )
( 0.078738635613143454 -0.097234117228120392  0 )
( 0.080423612670996028 -0.095845129330064754  0 )
( 0.082084091917347987 -0.094426946077142609  0 )
( 0.083719567554135524 -0.092979999461710997  0 )
( 0.085329541399636347 -0.091504730237725859  0 )
( 0.086913523040221027 -0.090001587786484108  0 )
( 0.088471029979737548 -0.088471029979737548  0 )
( 0.090001587786483997 -0.086913523040221138  0 )
( 0.091504730237725859 -0.085329541399636347  0 )
( 0.092979999461710997 -0.083719567554135524  0 )
( 0.094426946077142609 -0.082084091917348043  0 )
( 0.095845129330064699 -0.080423612670996084  0 )
( 0.097234117228120323 -0.078738635613143496  0 )
( 0.098593486672140226 -0.077029674004124846  0 )
( 0.099922823585023218 -0.075297248410201231  0 )
( 0.101221723037868083 -0.073541886544991206  0 )
( 0.102489789373318776 -0.071764123108723307  0 )
( 0.103726636326085461 -0.069964499625361762  0 )
( 0.104931887140604752 -0.068143564277652946  0 )
( 0.106105174685802911 -0.066301871740143820  0 )
( 0.107246141566927994 -0.064439983010221802  0 )
( 0.108354440234415025 -0.062558465237230812  0 )
( 0.109429733089753678 -0.060657891549711039  0 )
( 0.110471692588323470 -0.058738840880819078  0 )
( 0.111480001339167634 -0.056801897791978931  0 )
( 0.112454352201672825 -0.054847652294818902  0 )
( 0.113394448379127585 -0.052876699671448937  0 )
( 0.114300003509129403 -0.050889640293130756  0 )
( 0.115170741750813280 -0.048887079437400470  0 )
( 0.116006397868875996 -0.046869627103693572  0 )
( 0.116806717314368508 -0.044837897827534730  0 )
( 0.117571456302235020 -0.042792510493343039  0 )
( 0.118300381885571557 -0.040734088145914921  0 )
( 0.118993272026584301 -0.038663257800637382  0 )
( 0.119649915664223991 -0.036580650252494379  0 )
( 0.120270112778477600 -0.034486899883919966  0 )
( 0.120853674451296106 -0.032382644471558600  0 )
( 0.121400422924141022 -0.030268524991993572  0 )
( 0.121910191652130837 -0.028145185426498208  0 )
( 0.122382825354772906 -0.026013272564873395  0 )
( 0.122818180063262825 -0.023873435808428985  0 )
( 0.123216123164339053 -0.021726326972170380  0 )
( 0.123576533440678094 -0.019572600086248174  0 )
( 0.123899301107818327 -0.017412911196735773  0 )
( 0.124184327847601625 -0.015247918165790193  0 )
( 0.124431526838121961 -0.013078280471261295  0 )
( 0.124640822780172092 -0.010904659005808818  0 )
( 0.124812151920180664 -0.008727715875587254  0 )
( 0.124945462069631849 -0.006548114198562928  0 )
( 0.125040712620962779 -0.004366517902520494  0 )
( 0.125097874559932765 -0.002183591522825763  0 )
( 0.125116930474461513 -0.000000000000000031  0 )
( 0.125097874559932765 0.002183591522825590  0 )
( 0.125040712620962779 0.004366517902520432  0 )
( 0.124945462069631849 0.006548114198562869  0 )
( 0.124812151920180664 0.008727715875587308  0 )
( 0.124640822780172092 0.010904659005808864  0 )
( 0.124431526838121961 0.013078280471261236  0 )
( 0.124184327847601625 0.015247918165790127  0 )
( 0.123899301107818327 0.017412911196735603  0 )
( 0.123576533440678094 0.019572600086248112  0 )
( 0.123216123164339109 0.021726326972170213  0 )
( 0.122818180063262825 0.023873435808429034  0 )
( 0.122382825354772906 0.026013272564873225  0 )
( 0.121910191652130837 0.028145185426498149  0 )
( 0.121400422924140952 0.030268524991993628  0 )
( 0.120853674451296175 0.032382644471558544  0 )
( 0.120270112778477600 0.034486899883919911  0 )
( 0.119649915664223991 0.036580650252494427  0 )
( 0.118993272026584301 0.038663257800637327  0 )
( 0.118300381885571626 0.040734088145914768  0 )
( 0.117571456302235020 0.042792510493343081  0 )
( 0.116806717314368563 0.044837897827534563  0 )
( 0.116006397868875996 0.046869627103693516  0 )
( 0.115170741750813405 0.048887079437400206  0 )

   );
    }
);

surfaces
();

fields          
(
    magU
    p
    k
    epsilon
    Ux
    Uy
    Uz
    ptot);

// ************************************************************************* //
