/*--------------------------------*- C++ -*----------------------------------*\
| =========                 |                                                 |
| \\      /  F ield         | OpenFOAM: The Open Source CFD Toolbox           |
|  \\    /   O peration     | Version:  1.5.x                                 |
|   \\  /    A nd           | Web:      http://www.OpenFOAM.org               |
|    \\/     M anipulation  |                                                 |
\*---------------------------------------------------------------------------*/
FoamFile
{
    version     2.0;
    format      ascii;
    class       dictionary;
    object      sampleDict;
}
// * * * * * * * * * * * * * * * * * * * * * * * * * * * * * * * * * * * * * //

interpolationScheme cellPoint;
//interpolationScheme cellPointFace;
//interpolationScheme cell;

//setFormat     xmgr;
//setFormat     gnuplot;
setFormat     raw;
//setFormat     jplot;

sets      
(
    test //Resulting file name
    {
        type            curve;
        axis            xyz;         //x-axis in plot

points
(

( 0.187620486900596323 -0.053799308892566976  0 )
( 0.188530838796519107 -0.050516686003889470  0 )
( 0.189383762372605402 -0.047218675243289217  0 )
( 0.190178997820071111 -0.043906281216792291  0 )
( 0.190916302902495616 -0.040580512911707028  0 )
( 0.191595453029608176 -0.037242383389276434  0 )
( 0.192216241325701087 -0.033892909476090735  0 )
( 0.192778478692645777 -0.030533111454350292  0 )
( 0.193281993867493590 -0.027164012751080133  0 )
( 0.193726633474644583 -0.023786639626382302  0 )
( 0.194112262072567238 -0.020402020860827735  0 )
( 0.194438762195054793 -0.017011187442080328  0 )
( 0.194706034387007204 -0.013615172250846814  0 )
( 0.194913997234725578 -0.010215009746252904  0 )
( 0.195062587390712028 -0.006811735650734924  0 )
( 0.195151759592965518 -0.003406386634551305  0 )
( 0.195181486678769445 -0.000000000000000048  0 )
( 0.195151759592965518 0.003406386634551036  0 )
( 0.195062587390712028 0.006811735650734826  0 )
( 0.194913997234725578 0.010215009746252812  0 )
( 0.194706034387007204 0.013615172250846897  0 )
( 0.194438762195054793 0.017011187442080401  0 )
( 0.194112262072567238 0.020402020860827642  0 )
( 0.193726633474644583 0.023786639626382201  0 )
( 0.193281993867493590 0.027164012751079870  0 )
( 0.192778478692645777 0.030533111454350198  0 )
( 0.192216241325701198 0.033892909476090478  0 )
( 0.191595453029608176 0.037242383389276511  0 )
( 0.190916302902495616 0.040580512911706765  0 )
( 0.190178997820071111 0.043906281216792201  0 )
( 0.189383762372605291 0.047218675243289300  0 )
( 0.188530838796519218 0.050516686003889387  0 )
( 0.187620486900596323 0.053799308892566892  0 )
( 0.186652983986843074 0.057065543990589940  0 )
( 0.185628624766019407 0.060314396371107123  0 )
( 0.184547721267867171 0.063544876402211001  0 )
( 0.183410602746062745 0.066756000048389871  0 )
( 0.182217615577923570 0.069946789170273790  0 )
( 0.180969123158897571 0.073116271822587009  0 )
( 0.179665505791870184 0.076263482550209524  0 )
( 0.178307160571319734 0.079387462682266610  0 )
( 0.176894501262358894 0.082487260624147060  0 )
( 0.175427958174698168 0.085561932147369194  0 )
( 0.173907978031568516 0.088610540677202351  0 )
( 0.172335023833646267 0.091632157577955314  0 )
( 0.170709574718017232 0.094625862435849709  0 )
( 0.169032125812228401 0.097590743339384556  0 )
( 0.167303188083466142 0.100525897157115796  0 )
( 0.165523288182911288 0.103430429812756505  0 )
( 0.163692968285315876 0.106303456557523268  0 )
( 0.161812785923851316 0.109144102239637830  0 )
( 0.159883313820278677 0.111951501570907774  0 )
( 0.157905139710491776 0.114724799390300544  0 )
( 0.155878866165488017 0.117463150924434795  0 )
( 0.153805110407817441 0.120165722044906512  0 )
( 0.151684504123573372 0.122831689522371681  0 )
( 0.149517693269972191 0.125460241277311313  0 )
( 0.147305337878590709 0.128050576627397050  0 )
( 0.145048111854312434 0.130601906531388479  0 )
( 0.142746702770050915 0.133113453829481088  0 )
( 0.140401811657307141 0.135584453480038447  0 )
( 0.138014152792629768 0.138014152792629491  0 )
( 0.135584453480038558 0.140401811657307057  0 )
( 0.133113453829481171 0.142746702770050915  0 )
( 0.130601906531388562 0.145048111854312350  0 )
( 0.128050576627397161 0.147305337878590709  0 )
( 0.125460241277311424 0.149517693269972080  0 )
( 0.122831689522371751 0.151684504123573288  0 )
( 0.120165722044906609 0.153805110407817358  0 )
( 0.117463150924434892 0.155878866165487906  0 )
( 0.114724799390300614 0.157905139710491776  0 )
( 0.111951501570907871 0.159883313820278566  0 )
( 0.109144102239637927 0.161812785923851316  0 )
( 0.106303456557523351 0.163692968285315765  0 )
( 0.103430429812756602 0.165523288182911205  0 )
( 0.100525897157115893 0.167303188083466059  0 )
( 0.097590743339384639 0.169032125812228401  0 )
( 0.094625862435849806 0.170709574718017149  0 )
( 0.091632157577955411 0.172335023833646156  0 )
( 0.088610540677202296 0.173907978031568600  0 )
( 0.085561932147369277 0.175427958174698112  0 )
( 0.082487260624147143 0.176894501262358894  0 )
( 0.079387462682266693 0.178307160571319651  0 )
( 0.076263482550209608 0.179665505791870184  0 )
( 0.073116271822587106 0.180969123158897460  0 )
( 0.069946789170273901 0.182217615577923486  0 )
( 0.066756000048389968 0.183410602746062662  0 )
( 0.063544876402211098 0.184547721267867171  0 )
( 0.060314396371107235 0.185628624766019407  0 )
( 0.057065543990589870 0.186652983986843074  0 )
( 0.053799308892566983 0.187620486900596323  0 )
( 0.050516686003889477 0.188530838796519107  0 )
( 0.047218675243289418 0.189383762372605291  0 )
( 0.043906281216792312 0.190178997820071111  0 )
( 0.040580512911706869 0.190916302902495616  0 )
( 0.037242383389276608 0.191595453029608176  0 )
( 0.033892909476090569 0.192216241325701087  0 )
( 0.030533111454350299 0.192778478692645777  0 )
( 0.027164012751079970 0.193281993867493590  0 )
( 0.023786639626382309 0.193726633474644583  0 )
( 0.020402020860827746 0.194112262072567238  0 )
( 0.017011187442080508 0.194438762195054793  0 )
( 0.013615172250847006 0.194706034387007149  0 )
 
   );
    }
);

surfaces
();

fields          
(
    magU
    p
    k
    epsilon
    Ux
    Uy
    Uz
    ptot);

// ************************************************************************* //
