/*--------------------------------*- C++ -*----------------------------------*\
| =========                 |                                                 |
| \\      /  F ield         | OpenFOAM: The Open Source CFD Toolbox           |
|  \\    /   O peration     | Version:  1.5.x                                 |
|   \\  /    A nd           | Web:      http://www.OpenFOAM.org               |
|    \\/     M anipulation  |                                                 |
\*---------------------------------------------------------------------------*/
FoamFile
{
    version     2.0;
    format      ascii;
    class       dictionary;
    object      sampleDict;
}
// * * * * * * * * * * * * * * * * * * * * * * * * * * * * * * * * * * * * * //

interpolationScheme cellPoint;
//interpolationScheme cellPointFace;
//interpolationScheme cell;

//setFormat     xmgr;
//setFormat     gnuplot;
setFormat     raw;
//setFormat     jplot;

sets      
(
    test //Resulting file name
    {
        type            curve;
        axis            xyz;         //x-axis in plot

points
(

( 0.203194104476246862 -0.028557069049696751  0 )
( 0.203661546605655247 -0.025006493572781952  0 )
( 0.204066951455053908 -0.021448300875681343  0 )
( 0.204410195534198313 -0.017883574818359838  0 )
( 0.204691174287617045 -0.014313401250906395  0 )
( 0.204909802126459761 -0.010738867682775259  0 )
( 0.205066012454569013 -0.007161062951517845  0 )
( 0.205159757688765515 -0.003581076891114981  0 )
( 0.205191009273342828 -0.000000000000000050  0 )
( 0.205159757688765515 0.003581076891114699  0 )
( 0.205066012454569013 0.007161062951517742  0 )
( 0.204909802126459761 0.010738867682775162  0 )
( 0.204691174287617045 0.014313401250906481  0 )
( 0.204410195534198313 0.017883574818359914  0 )
( 0.204066951455053908 0.021448300875681246  0 )
( 0.203661546605655247 0.025006493572781844  0 )
( 0.203194104476246862 0.028557069049696477  0 )
( 0.202664767454229483 0.032098945766740383  0 )
( 0.202073696780787931 0.035631044833954101  0 )
( 0.201421072501774989 0.039152290339745884  0 )
( 0.200707093412868354 0.042661609678623071  0 )
( 0.199931976999014854 0.046157933877920214  0 )
( 0.199095959368182862 0.049640197923416202  0 )
( 0.198199295179441598 0.053107341083748968  0 )
( 0.197242257565388823 0.056558307233525604  0 )
( 0.196225138048953057 0.059992045175026099  0 )
( 0.195148246454591973 0.063407508958410311  0 )
( 0.194011910813917360 0.066803658200323454  0 )
( 0.192816477265773167 0.070179458400807374  0 )
( 0.191562309950798759 0.073533881258418393  0 )
( 0.190249790900507448 0.076865904983459743  0 )
( 0.188879319920916833 0.080174514609226047  0 )
( 0.187451314470763214 0.083458702301174748  0 )
( 0.185966209534340038 0.086717467663919912  0 )
( 0.184424457488997717 0.089949818045963498  0 )
( 0.182826527967344249 0.093154768842067012  0 )
( 0.181172907714191866 0.096331343793170363  0 )
( 0.179464100438288143 0.099478575283771950  0 )
( 0.177700626658883254 0.102595504636671220  0 )
( 0.175883023547173417 0.105681182404993551  0 )
( 0.174011844762673978 0.108734668661398456  0 )
( 0.172087660284569260 0.111755033284392805  0 )
( 0.170111056238091252 0.114741356241653353  0 )
( 0.168082634715980311 0.117692727870278444  0 )
( 0.166003013595081655 0.120608249153879063  0 )
( 0.163872826348135020 0.123487031996428909  0 )
( 0.161692721850810711 0.126328199492787063  0 )
( 0.159463364184058348 0.129130886195810757  0 )
( 0.157185432431818956 0.131894238379980544  0 )
( 0.154859620474171511 0.134617414301451382  0 )
( 0.152486636775968687 0.137299584454458029  0 )
( 0.150067204171032892 0.139939931823988645  0 )
( 0.147602059641972760 0.142537652134657300  0 )
( 0.145091954095692560 0.145091954095692283  0 )
( 0.142537652134657411 0.147602059641972677  0 )
( 0.139939931823988728 0.150067204171032892  0 )
( 0.137299584454458140 0.152486636775968604  0 )
( 0.134617414301451493 0.154859620474171511  0 )
( 0.131894238379980627 0.157185432431818845  0 )
( 0.129130886195810840 0.159463364184058293  0 )
( 0.126328199492787174 0.161692721850810600  0 )
( 0.123487031996429020 0.163872826348134909  0 )
( 0.120608249153879146 0.166003013595081655  0 )
( 0.117692727870278555 0.168082634715980200  0 )
( 0.114741356241653436 0.170111056238091252  0 )
( 0.111755033284392902 0.172087660284569149  0 )
( 0.108734668661398567 0.174011844762673895  0 )
( 0.105681182404993662 0.175883023547173306  0 )
( 0.102595504636671317 0.177700626658883254  0 )
( 0.099478575283772061 0.179464100438288060  0 )
( 0.096331343793170446 0.181172907714191755  0 )
( 0.093154768842066943 0.182826527967344360  0 )
( 0.089949818045963595 0.184424457488997634  0 )
( 0.086717467663919995 0.185966209534340038  0 )
( 0.083458702301174845 0.187451314470763131  0 )
( 0.080174514609226144 0.188879319920916833  0 )
( 0.076865904983459840 0.190249790900507365  0 )
( 0.073533881258418504 0.191562309950798648  0 )
( 0.070179458400807485 0.192816477265773084  0 )
( 0.066803658200323551 0.194011910813917360  0 )
( 0.063407508958410422 0.195148246454591973  0 )
( 0.059992045175026036 0.196225138048953057  0 )
( 0.056558307233525701 0.197242257565388823  0 )
( 0.053107341083749066 0.198199295179441487  0 )
( 0.049640197923416320 0.199095959368182862  0 )
( 0.046157933877920332 0.199931976999014854  0 )
( 0.042661609678623182 0.200707093412868354  0 )
( 0.039152290339745988 0.201421072501774989  0 )
( 0.035631044833954205 0.202073696780787820  0 )
( 0.032098945766740487 0.202664767454229483  0 )
( 0.028557069049696581 0.203194104476246862  0 )
( 0.025006493572781962 0.203661546605655247  0 )
( 0.021448300875681354 0.204066951455053908  0 )
( 0.017883574818360028 0.204410195534198313  0 )
( 0.014313401250906596 0.204691174287616962  0 )
( 0.010738867682775276 0.204909802126459761  0 )
( 0.007161062951517855 0.205066012454569013  0 )
( 0.003581076891114811 0.205159757688765515  0 )
( 0.000000000000000063 0.205191009273342828  0 )
( -0.003581076891114868 0.205159757688765515  0 )
( -0.007161062951517730 0.205066012454569013  0 )
( -0.010738867682775153 0.204909802126459761  0 )
( -0.014313401250906290 0.204691174287617045  0 )
 
   );
    }
);

surfaces
();

fields          
(
    magU
    p
    k
    epsilon
    Ux
    Uy
    Uz
    ptot);

// ************************************************************************* //
