/*--------------------------------*- C++ -*----------------------------------*\
| =========                 |                                                 |
| \\      /  F ield         | OpenFOAM: The Open Source CFD Toolbox           |
|  \\    /   O peration     | Version:  1.5.x                                 |
|   \\  /    A nd           | Web:      http://www.OpenFOAM.org               |
|    \\/     M anipulation  |                                                 |
\*---------------------------------------------------------------------------*/
FoamFile
{
    version     2.0;
    format      ascii;
    class       dictionary;
    object      sampleDict;
}
// * * * * * * * * * * * * * * * * * * * * * * * * * * * * * * * * * * * * * //

interpolationScheme cellPoint;
//interpolationScheme cellPointFace;
//interpolationScheme cell;

//setFormat     xmgr;
//setFormat     gnuplot;
setFormat     raw;
//setFormat     jplot;

sets      
(
    test //Resulting file name
    {
        type            curve;
        axis            xyz;         //x-axis in plot

points
(

( 0.214069515147490314 0.007475472193675571  0 )
( 0.213906446344429707 0.011210361827238580  0 )
( 0.213678219565654387 0.014941836675991610  0 )
( 0.213384904331251901 0.018668760096548491  0 )
( 0.213026589987884207 0.022389996831931259  0 )
( 0.212603385681571194 0.026104413357382620  0 )
( 0.212115420324444387 0.029810878225645820  0 )
( 0.211562842555478497 0.033508262411617397  0 )
( 0.210945820695215003 0.037195439656256393  0 )
( 0.210264542694489603 0.040871286809655953  0 )
( 0.209519216077181186 0.044534684173163870  0 )
( 0.208710067876997390 0.048184515840455848  0 )
( 0.207837344568318400 0.051819670037448938  0 )
( 0.206901311991118497 0.055439039460959842  0 )
( 0.205902255269987899 0.059041521616001257  0 )
( 0.204840478727282199 0.062626019151610188  0 )
( 0.203716305790421909 0.066191440195113679  0 )
( 0.202530078893373711 0.069736698684722875  0 )
( 0.201282159372341590 0.073260714700358290  0 )
( 0.199972927355700714 0.076762414792603151  0 )
( 0.198602781648205912 0.080240732309688326  0 )
( 0.197172139609512798 0.083694607722402198  0 )
( 0.195681437027045213 0.087122988946836302  0 )
( 0.194131127983250412 0.090524831664857849  0 )
( 0.192521684717281594 0.093899099642220374  0 )
( 0.190853597481148302 0.097244765044211048  0 )
( 0.189127374390382214 0.100560808748737698  0 )
( 0.187343541269258590 0.103846220656765395  0 )
( 0.185502641490626813 0.107099999999999806  0 )
( 0.183605235810392509 0.110321155645733596  0 )
( 0.181651902196706488 0.113508706398752393  0 )
( 0.179643235653909911 0.116661681300218700  0 )
( 0.177579848041290012 0.119779119923433805  0 )
( 0.175462367886702109 0.122860072666394093  0 )
( 0.173291440195113611 0.125903601041047808  0 )
( 0.171067726252130209 0.128908777959168691  0 )
( 0.168791903422559814 0.131874688014755992  0 )
( 0.166464664944083296 0.134800427762875014  0 )
( 0.164086719716085100 0.137685105994856699  0 )
( 0.161658792083717806 0.140527844009766589  0 )
( 0.159181621617257796 0.143327775882067493  0 )
( 0.156655962886826400 0.146084048725387106  0 )
( 0.154082585232539093 0.148795822952317192  0 )
( 0.151462272530158593 0.151462272530158287  0 )
( 0.148795822952317303 0.154082585232539010  0 )
( 0.146084048725387189 0.156655962886826400  0 )
( 0.143327775882067604 0.159181621617257713  0 )
( 0.140527844009766700 0.161658792083717806  0 )
( 0.137685105994856810 0.164086719716084989  0 )
( 0.134800427762875097 0.166464664944083213  0 )
( 0.131874688014756103 0.168791903422559703  0 )
( 0.128908777959168802 0.171067726252130098  0 )
( 0.125903601041047891 0.173291440195113611  0 )
( 0.122860072666394204 0.175462367886701998  0 )
( 0.119779119923433902 0.177579848041290012  0 )
( 0.116661681300218797 0.179643235653909800  0 )
( 0.113508706398752504 0.181651902196706405  0 )
( 0.110321155645733707 0.183605235810392398  0 )
( 0.107099999999999904 0.185502641490626813  0 )
( 0.103846220656765506 0.187343541269258507  0 )
( 0.100560808748737796 0.189127374390382103  0 )
( 0.097244765044210979 0.190853597481148413  0 )
( 0.093899099642220471 0.192521684717281510  0 )
( 0.090524831664857947 0.194131127983250412  0 )
( 0.087122988946836399 0.195681437027045102  0 )
( 0.083694607722402295 0.197172139609512798  0 )
( 0.080240732309688437 0.198602781648205801  0 )
( 0.076762414792603262 0.199972927355700603  0 )
( 0.073260714700358401 0.201282159372341507  0 )
( 0.069736698684722973 0.202530078893373711  0 )
( 0.066191440195113804 0.203716305790421909  0 )
( 0.062626019151610118 0.204840478727282199  0 )
( 0.059041521616001361 0.205902255269987899  0 )
( 0.055439039460959939 0.206901311991118386  0 )
( 0.051819670037449063 0.207837344568318400  0 )
( 0.048184515840455973 0.208710067876997390  0 )
( 0.044534684173163988 0.209519216077181186  0 )
( 0.040871286809656057 0.210264542694489603  0 )
( 0.037195439656256497 0.210945820695214892  0 )
( 0.033508262411617508 0.211562842555478497  0 )
( 0.029810878225645931 0.212115420324444387  0 )
( 0.026104413357382741 0.212603385681571194  0 )
( 0.022389996831931370 0.213026589987884207  0 )
( 0.018668760096548609 0.213384904331251901  0 )
( 0.014941836675991730 0.213678219565654304  0 )
( 0.011210361827238700 0.213906446344429707  0 )
( 0.007475472193675689 0.214069515147490314  0 )
( 0.003738305458866151 0.214167376302498991  0 )
( 0.000000000000000066 0.214200000000000002  0 )
( -0.003738305458866211 0.214167376302498991  0 )
( -0.007475472193675558 0.214069515147490314  0 )
( -0.011210361827238570 0.213906446344429707  0 )
( -0.014941836675991410 0.213678219565654387  0 )
( -0.018668760096548290 0.213384904331251901  0 )
( -0.022389996831931241 0.213026589987884207  0 )
( -0.026104413357382610 0.212603385681571194  0 )
( -0.029810878225645800 0.212115420324444387  0 )
( -0.033508262411617203 0.211562842555478497  0 )
( -0.037195439656256379 0.210945820695215003  0 )
( -0.040871286809655939 0.210264542694489603  0 )
( -0.044534684173164231 0.209519216077181103  0 )
( -0.048184515840455827 0.208710067876997390  0 )
( -0.051819670037448917 0.207837344568318400  0 )
( -0.055439039460959821 0.206901311991118497  0 )
 
   );
    }
);

surfaces
();

fields          
(
    magU
    p
    k
    epsilon
    Ux
    Uy
    Uz
    ptot);

// ************************************************************************* //
