/*--------------------------------*- C++ -*----------------------------------*\
| =========                 |                                                 |
| \\      /  F ield         | OpenFOAM: The Open Source CFD Toolbox           |
|  \\    /   O peration     | Version:  1.5.x                                 |
|   \\  /    A nd           | Web:      http://www.OpenFOAM.org               |
|    \\/     M anipulation  |                                                 |
\*---------------------------------------------------------------------------*/
FoamFile
{
    version     2.0;
    format      ascii;
    class       dictionary;
    object      sampleDict;
}
// * * * * * * * * * * * * * * * * * * * * * * * * * * * * * * * * * * * * * //

interpolationScheme cellPoint;
//interpolationScheme cellPointFace;
//interpolationScheme cell;

//setFormat     xmgr;
//setFormat     gnuplot;
setFormat     raw;
//setFormat     jplot;

sets      
(
    test //Resulting file name
    {
        type            curve;
        axis            xyz;         //x-axis in plot

points
(

( 0.146903584286808941 -0.095400303103784251  0 )
( 0.148546175023385768 -0.092821952115472839  0 )
( 0.150143517156051537 -0.090215326661360354  0 )
( 0.151695124118918556 -0.087581220744811422  0 )
( 0.153200523277475353 -0.084920436740005212  0 )
( 0.154659256072554957 -0.082233785147525315  0 )
( 0.156070878160017079 -0.079522084347472974  0 )
( 0.157434959546099096 -0.076786160350180502  0 )
( 0.158751084718396607 -0.074026846544601427  0 )
( 0.160018852772432663 -0.071244983444450405  0 )
( 0.161237877533776691 -0.068441418432176826  0 )
( 0.162407787675677789 -0.065617005500841624  0 )
( 0.163528226832173107 -0.062772604993984807  0 )
( 0.164598853706641901 -0.059909083343554798  0 )
( 0.165619342175766682 -0.057027312805986295  0 )
( 0.166589381388874247 -0.054128171196500825  0 )
( 0.167508675862623108 -0.051212541621717532  0 )
( 0.168376945571011266 -0.048281312210649532  0 )
( 0.169193926030674346 -0.045335375844170300  0 )
( 0.169959368381450260 -0.042375629883035427  0 )
( 0.170673039462183651 -0.039402975894536243  0 )
( 0.171334721881750057 -0.036418319377874389  0 )
( 0.171944214085274549 -0.033422569488337696  0 )
( 0.172501330415527648 -0.030416638760363456  0 )
( 0.173005901169478338 -0.027401442829569907  0 )
( 0.173457772649986991 -0.024377900153846891  0 )
( 0.173856807212623254 -0.021346931733582996  0 )
( 0.174202883307593898 -0.018309460831120516  0 )
( 0.174495895516767724 -0.015266412689521308  0 )
( 0.174735754585787523 -0.012218714250727652  0 )
( 0.174922387451257155 -0.009167293873208195  0 )
( 0.175055737262998001 -0.006113081049169081  0 )
( 0.175135763401365468 -0.003057006121423952  0 )
( 0.175162441489622706 -0.000000000000000043  0 )
( 0.175135763401365468 0.003057006121423711  0 )
( 0.175055737262998001 0.006113081049168995  0 )
( 0.174922387451257155 0.009167293873208112  0 )
( 0.174735754585787523 0.012218714250727725  0 )
( 0.174495895516767724 0.015266412689521372  0 )
( 0.174202883307593898 0.018309460831120433  0 )
( 0.173856807212623254 0.021346931733582906  0 )
( 0.173457772649986991 0.024377900153846655  0 )
( 0.173005901169478338 0.027401442829569821  0 )
( 0.172501330415527732 0.030416638760363223  0 )
( 0.171944214085274549 0.033422569488337765  0 )
( 0.171334721881750057 0.036418319377874146  0 )
( 0.170673039462183651 0.039402975894536160  0 )
( 0.169959368381450149 0.042375629883035497  0 )
( 0.169193926030674430 0.045335375844170224  0 )
( 0.168376945571011266 0.048281312210649456  0 )
( 0.167508675862623108 0.051212541621717601  0 )
( 0.166589381388874247 0.054128171196500749  0 )
( 0.165619342175766765 0.057027312805986080  0 )
( 0.164598853706641901 0.059909083343554860  0 )
( 0.163528226832173190 0.062772604993984585  0 )
( 0.162407787675677789 0.065617005500841541  0 )
( 0.161237877533776858 0.068441418432176465  0 )
( 0.160018852772432746 0.071244983444450322  0 )
( 0.158751084718396607 0.074026846544601344  0 )
( 0.157434959546099096 0.076786160350180571  0 )
( 0.156070878160016996 0.079522084347473043  0 )
( 0.154659256072555040 0.082233785147525232  0 )
( 0.153200523277475353 0.084920436740005212  0 )
( 0.151695124118918639 0.087581220744811186  0 )
( 0.150143517156051620 0.090215326661360271  0 )
( 0.148546175023385935 0.092821952115472589  0 )
( 0.146903584286809052 0.095400303103784168  0 )
( 0.145216245295371388 0.097949594235606785  0 )
( 0.143484672028875410 0.100469048972166422  0 )
( 0.141709391941312046 0.102957899863143493  0 )
( 0.139890945800193983 0.105415388780446539  0 )
( 0.138029887521830902 0.107840767149145395  0 )
( 0.136126784002603335 0.110233296175493489  0 )
( 0.134182214946278605 0.112592247071972851  0 )
( 0.132196772687429048 0.114916901279288358  0 )
( 0.130171062010999899 0.117206550685249308  0 )
( 0.128105699968086989 0.119460497840465973  0 )
( 0.126001315687975873 0.121678056170800741  0 )
( 0.123858550186504157 0.123858550186503907  0 )
( 0.121678056170800825 0.126001315687975790  0 )
( 0.119460497840466029 0.128105699968086989  0 )
( 0.117206550685249405 0.130171062010999844  0 )
( 0.114916901279288441 0.132196772687429048  0 )
( 0.112592247071972948 0.134182214946278494  0 )
( 0.110233296175493559 0.136126784002603279  0 )
( 0.107840767149145492 0.138029887521830819  0 )
( 0.105415388780446637 0.139890945800193900  0 )
( 0.102957899863143562 0.141709391941312046  0 )
( 0.100469048972166519 0.143484672028875299  0 )
( 0.097949594235606868 0.145216245295371388  0 )
( 0.095400303103784251 0.146903584286808941  0 )
( 0.092821952115472672 0.148546175023385851  0 )
( 0.090215326661360354 0.150143517156051537  0 )
( 0.087581220744811270 0.151695124118918639  0 )
( 0.084920436740005309 0.153200523277475298  0 )
( 0.082233785147525315 0.154659256072554957  0 )
( 0.079522084347472974 0.156070878160017079  0 )
( 0.076786160350180654 0.157434959546099013  0 )
( 0.074026846544601427 0.158751084718396607  0 )
( 0.071244983444450405 0.160018852772432663  0 )
( 0.068441418432176548 0.161237877533776858  0 )
( 0.065617005500841638 0.162407787675677678  0 )
( 0.062772604993984668 0.163528226832173107  0 )
( 0.059909083343554950 0.164598853706641818  0 )
 
   );
    }
);

surfaces
();

fields          
(
    magU
    p
    k
    epsilon
    Ux
    Uy
    Uz
    ptot);

// ************************************************************************* //
