/*--------------------------------*- C++ -*----------------------------------*\
| =========                 |                                                 |
| \\      /  F ield         | OpenFOAM: The Open Source CFD Toolbox           |
|  \\    /   O peration     | Version:  1.5.x                                 |
|   \\  /    A nd           | Web:      http://www.OpenFOAM.org               |
|    \\/     M anipulation  |                                                 |
\*---------------------------------------------------------------------------*/
FoamFile
{
    version     2.0;
    format      ascii;
    class       dictionary;
    object      sampleDict;
}
// * * * * * * * * * * * * * * * * * * * * * * * * * * * * * * * * * * * * * //

interpolationScheme cellPoint;
//interpolationScheme cellPointFace;
//interpolationScheme cell;

//setFormat     xmgr;
//setFormat     gnuplot;
setFormat     raw;
//setFormat     jplot;

sets      
(
    test //Resulting file name
    {
        type            curve;
        axis            xyz;         //x-axis in plot

points
(
( -0.001956479515604799 -0.112086636380365798  0 )
( -0.000000000000000021 -0.112103710318433816  0 )
( 0.001956479515604758 -0.112086636380365798  0 )
( 0.003912363068596340 -0.112035419767048713  0 )
( 0.005867054877897215 -0.111950076079559077  0 )
( 0.007819959525446847 -0.111830631314410914  0 )
( 0.009770482137571380 -0.111677121855636677  0 )
( 0.011718028566188020 -0.111489594463704697  0 )
( 0.013662005569788407 -0.111268106261275063  0 )
( 0.015601820994145322 -0.111012724715799926  0 )
( 0.017536883952689181 -0.110723527618971918  0 )
( 0.019466605006497446 -0.110400603063028319  0 )
( 0.021390396343843494 -0.110044049413917044  0 )
( 0.023307671959249779 -0.109653975281333624  0 )
( 0.025217847831990898 -0.109230499485637608  0 )
( 0.027120342103991512 -0.108773751021658691  0 )
( 0.029014575257066685 -0.108283869019403511  0 )
( 0.030899970289447968 -0.107761002701675712  0 )
( 0.032775952891544342 -0.107205311338620671  0 )
( 0.034641951620882176 -0.106616964199210740  0 )
( 0.036497398076172173 -0.105996140499684005  0 )
( 0.038341727070449923 -0.105343029348953357  0 )
( 0.040174376803237370 -0.104657829691002249  0 )
( 0.041994789031672711 -0.103940750244284036  0 )
( 0.043802409240556256 -0.103192009438144730  0 )
( 0.045596686811261757 -0.102411835346287172  0 )
( 0.047377075189459432 -0.101600465617297409  0 )
( 0.049143032051602357 -0.100758147402254819  0 )
( 0.050894019470123140 -0.099885137279447395  0 )
( 0.052629504077291861 -0.098981701176215631  0 )
( 0.054348957227685228 -0.098048114287948254  0 )
( 0.056051855159216908 -0.097084660994255417  0 )
( 0.057737679152680528 -0.096091634772343476  0 )
( 0.059405915689756741 -0.095069338107619306  0 )
( 0.061056056609435874 -0.094018082401550226  0 )
( 0.062687599262808438 -0.092938187876807993  0 )
( 0.064300046666177280 -0.091829983479726041  0 )
( 0.065892907652442920 -0.090693806780099140  0 )
( 0.067465697020718737 -0.089530003868356398  0 )
( 0.069017935684127174 -0.088338929250138670  0 )
( 0.070549150815734485 -0.087120945738313027  0 )
( 0.072058875992578292 -0.085876424342455876  0 )
( 0.073546651337744767 -0.084605744155840448  0 )
( 0.075012023660451399 -0.083309292239960892  0 )
( 0.076454546594093217 -0.081987463506629818  0 )
( 0.077873780732210657 -0.080640660597684238  0 )
( 0.079269293762336906 -0.079269293762336906  0 )
( 0.080640660597684141 -0.077873780732210754  0 )
( 0.081987463506629818 -0.076454546594093217  0 )
( 0.083309292239960892 -0.075012023660451399  0 )
( 0.084605744155840448 -0.073546651337744823  0 )
( 0.085876424342455807 -0.072058875992578361  0 )
( 0.087120945738312972 -0.070549150815734527  0 )
( 0.088338929250138670 -0.069017935684127243  0 )
( 0.089530003868356342 -0.067465697020718737  0 )
( 0.090693806780099084 -0.065892907652442975  0 )
( 0.091829983479725985 -0.064300046666177335  0 )
( 0.092938187876807937 -0.062687599262808591  0 )
( 0.094018082401550171 -0.061056056609435930  0 )
( 0.095069338107619208 -0.059405915689756901  0 )
( 0.096091634772343421 -0.057737679152680584  0 )
( 0.097084660994255362 -0.056051855159216964  0 )
( 0.098048114287948254 -0.054348957227685277  0 )
( 0.098981701176215561 -0.052629504077291910  0 )
( 0.099885137279447395 -0.050894019470123182  0 )
( 0.100758147402254819 -0.049143032051602316  0 )
( 0.101600465617297409 -0.047377075189459480  0 )
( 0.102411835346287172 -0.045596686811261715  0 )
( 0.103192009438144688 -0.043802409240556395  0 )
( 0.103940750244284036 -0.041994789031672752  0 )
( 0.104657829691002194 -0.040174376803237509  0 )
( 0.105343029348953357 -0.038341727070449971  0 )
( 0.105996140499683950 -0.036497398076172305  0 )
( 0.106616964199210740 -0.034641951620882218  0 )
( 0.107205311338620671 -0.032775952891544294  0 )
( 0.107761002701675712 -0.030899970289448010  0 )
( 0.108283869019403511 -0.029014575257066636  0 )
( 0.108773751021658691 -0.027120342103991550  0 )
( 0.109230499485637608 -0.025217847831990943  0 )
( 0.109653975281333624 -0.023307671959249928  0 )
( 0.110044049413917003 -0.021390396343843543  0 )
( 0.110400603063028249 -0.019466605006497592  0 )
( 0.110723527618971918 -0.017536883952689229  0 )
( 0.111012724715799926 -0.015601820994145367  0 )
( 0.111268106261275063 -0.013662005569788459  0 )
( 0.111489594463704697 -0.011718028566188067  0 )
( 0.111677121855636677 -0.009770482137571427  0 )
( 0.111830631314410914 -0.007819959525446795  0 )
( 0.111950076079559077 -0.005867054877897262  0 )
( 0.112035419767048713 -0.003912363068596290  0 )
( 0.112086636380365798 -0.001956479515604906  0 )
( 0.112103710318433816 -0.000000000000000027  0 )
( 0.112086636380365798 0.001956479515604751  0 )
( 0.112035419767048713 0.003912363068596233  0 )
( 0.111950076079559077 0.005867054877897209  0 )
( 0.111830631314410914 0.007819959525446842  0 )
( 0.111677121855636677 0.009770482137571469  0 )
( 0.111489594463704697 0.011718028566188015  0 )
( 0.111268106261275063 0.013662005569788402  0 )
( 0.111012724715799926 0.015601820994145216  0 )
( 0.110723527618971918 0.017536883952689174  0 )
( 0.110400603063028319 0.019466605006497443  0 ) 
   );
    }
);

surfaces
();

fields          
(
    magU
    p
    k
    epsilon
    Ux
    Uy
    Uz
    ptot);

// ************************************************************************* //
