/*--------------------------------*- C++ -*----------------------------------*\
| =========                 |                                                 |
| \\      /  F ield         | OpenFOAM: The Open Source CFD Toolbox           |
|  \\    /   O peration     | Version:  1.5.x                                 |
|   \\  /    A nd           | Web:      http://www.OpenFOAM.org               |
|    \\/     M anipulation  |                                                 |
\*---------------------------------------------------------------------------*/
FoamFile
{
    version     2.0;
    format      ascii;
    class       dictionary;
    object      sampleDict;
}
// * * * * * * * * * * * * * * * * * * * * * * * * * * * * * * * * * * * * * //

interpolationScheme cellPoint;
//interpolationScheme cellPointFace;
//interpolationScheme cell;

//setFormat     xmgr;
//setFormat     gnuplot;
setFormat     raw;
//setFormat     jplot;

sets      
(
    test //Resulting file name
    {
        type            curve;
        axis            xyz;         //x-axis in plot

points
(

( 0.169163006671876143 -0.075316223063358542  0 )
( 0.170451691662823340 -0.072352450491193376  0 )
( 0.171688455417287666 -0.069366638661714358  0 )
( 0.172872921205048269 -0.066359697082129424  0 )
( 0.174004728226352323 -0.063332541695972300  0 )
( 0.175083531721816871 -0.060286094604098769  0 )
( 0.176109003077446813 -0.057221283783804013  0 )
( 0.177080829924733091 -0.054139042806153691  0 )
( 0.177998716235803767 -0.051040310551608251  0 )
( 0.178862382413596727 -0.047926030924029882  0 )
( 0.179671565377027803 -0.044797152563162322  0 )
( 0.180426018641127367 -0.041654628555664264  0 )
( 0.181125512392122823 -0.038499416144790702  0 )
( 0.181769833557441363 -0.035332476438807062  0 )
( 0.182358785870614354 -0.032154774118227092  0 )
( 0.182892189931062044 -0.028967277141960096  0 )
( 0.183369883258740290 -0.025770956452463509  0 )
( 0.183791720343633919 -0.022566785679982646  0 )
( 0.184157572690080568 -0.019355740845974124  0 )
( 0.184467328855911245 -0.016138800065800818  0 )
( 0.184720894486397363 -0.012916943250787233  0 )
( 0.184918192342991367 -0.009691151809730549  0 )
( 0.185059162326855015 -0.006462408349952002  0 )
( 0.185143761497165493 -0.003231696377987628  0 )
( 0.185171964084196061 -0.000000000000000045  0 )
( 0.185143761497165493 0.003231696377987373  0 )
( 0.185059162326855015 0.006462408349951910  0 )
( 0.184918192342991367 0.009691151809730462  0 )
( 0.184720894486397363 0.012916943250787309  0 )
( 0.184467328855911245 0.016138800065800887  0 )
( 0.184157572690080568 0.019355740845974037  0 )
( 0.183791720343633919 0.022566785679982552  0 )
( 0.183369883258740290 0.025770956452463259  0 )
( 0.182892189931062044 0.028967277141960006  0 )
( 0.182358785870614437 0.032154774118226849  0 )
( 0.181769833557441363 0.035332476438807138  0 )
( 0.181125512392122823 0.038499416144790452  0 )
( 0.180426018641127367 0.041654628555664173  0 )
( 0.179671565377027720 0.044797152563162398  0 )
( 0.178862382413596810 0.047926030924029805  0 )
( 0.177998716235803767 0.051040310551608167  0 )
( 0.177080829924733091 0.054139042806153767  0 )
( 0.176109003077446813 0.057221283783803929  0 )
( 0.175083531721816954 0.060286094604098540  0 )
( 0.174004728226352323 0.063332541695972355  0 )
( 0.172872921205048380 0.066359697082129188  0 )
( 0.171688455417287666 0.069366638661714275  0 )
( 0.170451691662823507 0.072352450491192988  0 )
( 0.169163006671876226 0.075316223063358459  0 )
( 0.167822792990377750 0.078257053584374195  0 )
( 0.166431458860398618 0.081174046248774875  0 )
( 0.164989428095792756 0.084066312512337690  0 )
( 0.163497139953100640 0.086932971362740266  0 )
( 0.161955048997746293 0.089773149587927453  0 )
( 0.160363624965573520 0.092585982042097864  0 )
( 0.158723352619758867 0.095370611909238026  0 )
( 0.157034731603148597 0.098126190964114540  0 )
( 0.155298276286062437 0.100851879830653704  0 )
( 0.153514515609611352 0.103546848237622308  0 )
( 0.151683992924577016 0.106210275271537091  0 )
( 0.149807265825901897 0.108841349626722012  0 )
( 0.147884905982840986 0.111439269852440667  0 )
( 0.145917498964824172 0.114003244597025946  0 )
( 0.143905644063088339 0.116532492848932578  0 )
( 0.141849954108125370 0.119026244174642082  0 )
( 0.139751055283009851 0.121483738953342690  0 )
( 0.137609586932656153 0.123904228608318887  0 )
( 0.135426201369068938 0.126286975834973531  0 )
( 0.133201563672641493 0.128631254825419594  0 )
( 0.130936351489566949 0.130936351489566699  0 )
( 0.128631254825419677 0.133201563672641410  0 )
( 0.126286975834973586 0.135426201369068938  0 )
( 0.123904228608318984 0.137609586932656069  0 )
( 0.121483738953342787 0.139751055283009851  0 )
( 0.119026244174642179 0.141849954108125287  0 )
( 0.116532492848932648 0.143905644063088284  0 )
( 0.114003244597026043 0.145917498964824061  0 )
( 0.111439269852440764 0.147884905982840903  0 )
( 0.108841349626722081 0.149807265825901897  0 )
( 0.106210275271537188 0.151683992924576933  0 )
( 0.103546848237622391 0.153514515609611352  0 )
( 0.100851879830653787 0.155298276286062353  0 )
( 0.098126190964114637 0.157034731603148514  0 )
( 0.095370611909238123 0.158723352619758784  0 )
( 0.092585982042097947 0.160363624965573520  0 )
( 0.089773149587927550 0.161955048997746209  0 )
( 0.086932971362740349 0.163497139953100556  0 )
( 0.084066312512337635 0.164989428095792839  0 )
( 0.081174046248774959 0.166431458860398562  0 )
( 0.078257053584374278 0.167822792990377750  0 )
( 0.075316223063358542 0.169163006671876143  0 )
( 0.072352450491193071 0.170451691662823507  0 )
( 0.069366638661714372 0.171688455417287583  0 )
( 0.066359697082129285 0.172872921205048269  0 )
( 0.063332541695972452 0.174004728226352240  0 )
( 0.060286094604098624 0.175083531721816954  0 )
( 0.057221283783804040 0.176109003077446813  0 )
( 0.054139042806153705 0.177080829924733091  0 )
( 0.051040310551608258 0.177998716235803767  0 )
( 0.047926030924029889 0.178862382413596727  0 )
( 0.044797152563162503 0.179671565377027720  0 )
( 0.041654628555664285 0.180426018641127367  0 )
( 0.038499416144790556 0.181125512392122823  0 )
 
   );
    }
);

surfaces
();

fields          
(
    magU
    p
    k
    epsilon
    Ux
    Uy
    Uz
    ptot);

// ************************************************************************* //
