/*--------------------------------*- C++ -*----------------------------------*\
| =========                 |                                                 |
| \\      /  F ield         | OpenFOAM: The Open Source CFD Toolbox           |
|  \\    /   O peration     | Version:  1.5.x                                 |
|   \\  /    A nd           | Web:      http://www.OpenFOAM.org               |
|    \\/     M anipulation  |                                                 |
\*---------------------------------------------------------------------------*/
FoamFile
{
    version     2.0;
    format      ascii;
    class       dictionary;
    object      sampleDict;
}
// * * * * * * * * * * * * * * * * * * * * * * * * * * * * * * * * * * * * * //

interpolationScheme cellPoint;
//interpolationScheme cellPointFace;
//interpolationScheme cell;

//setFormat     xmgr;
//setFormat     gnuplot;
setFormat     raw;
//setFormat     jplot;

sets      
(
    test //Resulting file name
    {
        type            curve;
        axis            xyz;         //x-axis in plot

points
(

( 0.099725603979003694 -0.118848346815605119  0 )
( 0.101784604939511025 -0.117089793863885086  0 )
( 0.103812601323344231 -0.115295574226679798  0 )
( 0.105808975383159032 -0.113466234440671762  0 )
( 0.107773119004077572 -0.111602331740481009  0 )
( 0.109704433888925951 -0.109704433888925951  0 )
( 0.111602331740480870 -0.107773119004077711  0 )
( 0.113466234440671762 -0.105808975383159032  0 )
( 0.115295574226679798 -0.103812601323344231  0 )
( 0.117089793863885086 -0.101784604939511109  0 )
( 0.118848346815605035 -0.099725603979003777  0 )
( 0.120570697409575309 -0.097636225633460819  0 )
( 0.122256321001120050 -0.095517106347766514  0 )
( 0.123904704132964241 -0.093368891626183600  0 )
( 0.125515344691637692 -0.091192235835726776  0 )
( 0.127087752060423664 -0.088987802006835343  0 )
( 0.128621447268805311 -0.086756261631408371  0 )
( 0.130115963138364960 -0.084498294458261597  0 )
( 0.131570844425090927 -0.082214588286069729  0 )
( 0.132985647958049763 -0.079905838753855096  0 )
( 0.134359942774379626 -0.077572749129090887  0 )
( 0.135693310250566468 -0.075216030093477784  0 )
( 0.136985344229960282 -0.072836399526464216  0 )
( 0.138235651146494887 -0.070434582286572886  0 )
( 0.139443850144571446 -0.068011309990601829  0 )
( 0.140609573195071003 -0.065567320790767519  0 )
( 0.141732465207459857 -0.063103359149855195  0 )
( 0.142812184137953241 -0.060620175614450107  0 )
( 0.143848401093705669 -0.058118526586311781  0 )
( 0.144840800432994049 -0.055599174091968580  0 )
( 0.145789079861366272 -0.053062885550595552  0 )
( 0.146692950523722138 -0.050510433540252336  0 )
( 0.147552137092302027 -0.047942595562546951  0 )
( 0.148366377850553927 -0.045360153805802869  0 )
( 0.149135424772855157 -0.042763894906796121  0 )
( 0.149859043600063246 -0.040154609711137358  0 )
( 0.150537013910873735 -0.037533093032374260  0 )
( 0.151169129188962026 -0.034900143409882275  0 )
( 0.151755196885891203 -0.032256562865622361  0 )
( 0.152295038479763278 -0.029603156659837097  0 )
( 0.152788489529599225 -0.026940733045761299  0 )
( 0.153235399725429239 -0.024270103023418747  0 )
( 0.153635632934078198 -0.021592080092585633  0 )
( 0.153989067240633604 -0.018907480004989149  0 )
( 0.154295594985581985 -0.016217120515822123  0 )
( 0.154555122797602668 -0.013521821134647349  0 )
( 0.154767571622010186 -0.010822402875765998  0 )
( 0.154932876744834441 -0.008119688008129993  0 )
( 0.155050987812533819 -0.005414499804869258  0 )
( 0.155121868847332811 -0.002707662292516792  0 )
( 0.155145498258181636 -0.000000000000000038  0 )
( 0.155121868847332811 0.002707662292516579  0 )
( 0.155050987812533819 0.005414499804869181  0 )
( 0.154932876744834441 0.008119688008129920  0 )
( 0.154767571622010186 0.010822402875766062  0 )
( 0.154555122797602668 0.013521821134647406  0 )
( 0.154295594985581985 0.016217120515822050  0 )
( 0.153989067240633604 0.018907480004989069  0 )
( 0.153635632934078198 0.021592080092585425  0 )
( 0.153235399725429239 0.024270103023418671  0 )
( 0.152788489529599308 0.026940733045761091  0 )
( 0.152295038479763278 0.029603156659837159  0 )
( 0.151755196885891203 0.032256562865622146  0 )
( 0.151169129188962026 0.034900143409882199  0 )
( 0.150537013910873652 0.037533093032374329  0 )
( 0.149859043600063330 0.040154609711137289  0 )
( 0.149135424772855157 0.042763894906796059  0 )
( 0.148366377850553927 0.045360153805802932  0 )
( 0.147552137092302027 0.047942595562546882  0 )
( 0.146692950523722221 0.050510433540252142  0 )
( 0.145789079861366272 0.053062885550595601  0 )
( 0.144840800432994132 0.055599174091968379  0 )
( 0.143848401093705669 0.058118526586311711  0 )
( 0.142812184137953380 0.060620175614449788  0 )
( 0.141732465207459940 0.063103359149855126  0 )
( 0.140609573195071003 0.065567320790767450  0 )
( 0.139443850144571446 0.068011309990601884  0 )
( 0.138235651146494831 0.070434582286572955  0 )
( 0.136985344229960365 0.072836399526464146  0 )
( 0.135693310250566468 0.075216030093477784  0 )
( 0.134359942774379709 0.077572749129090665  0 )
( 0.132985647958049846 0.079905838753855013  0 )
( 0.131570844425091066 0.082214588286069507  0 )
( 0.130115963138365043 0.084498294458261528  0 )
( 0.128621447268805394 0.086756261631408163  0 )
( 0.127087752060423748 0.088987802006835259  0 )
( 0.125515344691637637 0.091192235835726776  0 )
( 0.123904704132964325 0.093368891626183600  0 )
( 0.122256321001120050 0.095517106347766431  0 )
( 0.120570697409575461 0.097636225633460610  0 )
( 0.118848346815605119 0.099725603979003694  0 )
( 0.117089793863885086 0.101784604939511025  0 )
( 0.115295574226679715 0.103812601323344300  0 )
( 0.113466234440671762 0.105808975383159032  0 )
( 0.111602331740480926 0.107773119004077628  0 )
( 0.109704433888926006 0.109704433888925784  0 )
( 0.107773119004077711 0.111602331740480870  0 )
( 0.105808975383159087 0.113466234440671762  0 )
( 0.103812601323344370 0.115295574226679659  0 )
( 0.101784604939511109 0.117089793863885086  0 )
( 0.099725603979003777 0.118848346815605035  0 )
( 0.097636225633460666 0.120570697409575392  0 )
( 0.095517106347766514 0.122256321001119966  0 )
 
   );
    }
);

surfaces
();

fields          
(
    magU
    p
    k
    epsilon
    Ux
    Uy
    Uz
    ptot);

// ************************************************************************* //
