#length UmMean UmRMS length Ut_Mean Ut_RMS
0 0.618174 0.19383	0 -0.672686 0.217003
0.0189694 0.846373 0.0976737	0.0189694 -0.940769 0.0983949
0.0381203 0.879469 0.0985145	0.0381203 -0.934219 0.0986659
0.0571741 0.933072 0.0980899	0.0571741 -0.892532 0.102829
0.0761436 0.963077 0.100201	0.0761436 -0.919251 0.106096
0.0952943 0.969035 0.0984047	0.0952943 -0.887836 0.103349
0.114264 0.969236 0.109957	0.114264 -0.904981 0.109533
0.133318 0.964091 0.118572	0.133318 -0.918081 0.112206
0.152468 0.947131 0.130787	0.152468 -0.939548 0.117518
0.171438 0.918466 0.147677	0.171438 -0.943205 0.120648
0.190407 0.889359 0.15851	0.190407 -0.96719 0.129944
0.209461 0.870552 0.170608	0.209461 -0.957769 0.125809
0.228612 0.84777 0.175094	0.228612 -0.940661 0.12429
0.247581 0.82911 0.174331	0.247581 -0.919593 0.121125
0.266551 0.82763 0.173096	0.266551 -0.902323 0.116191
0.285786 0.808106 0.169856	0.285786 -0.889871 0.123082
0.304755 0.812233 0.160132	0.304755 -0.850939 0.117992
0.323725 0.809706 0.146934	0.323725 -0.823089 0.118104
0.342876 0.81324 0.131777	0.342876 -0.79833 0.119282
0.36193 0.811582 0.116643	0.36193 -0.763508 0.113021
0.380899 0.806311 0.106852	0.380899 -0.736515 0.105291
0.40005 0.809345 0.0975672	0.40005 -0.719466 0.106769
0.419019 0.80626 0.0876406	0.419019 -0.694815 0.101027
0.438073 0.795761 0.0863145	0.438073 -0.67037 0.0999335
0.457224 0.787084 0.079684	0.457224 -0.648748 0.0922381
0.476193 0.779815 0.0763908	0.476193 -0.644253 0.0934306
0.495163 0.770106 0.0715687	0.495163 -0.631292 0.0847767
0.514398 0.752766 0.0645239	0.514398 -0.603869 0.0768598
0.533367 0.737449 0.0626359	0.533367 -0.584992 0.0729353
0.552337 0.71842 0.0586533	0.552337 -0.572445 0.0705606
0.571306 0.701488 0.0596437	0.571306 -0.550425 0.0742089
0.590541 0.683569 0.0582621	0.590541 -0.519376 0.0748095
0.599579 0.665404 0.0588615	0.599579 -0.486701 0.0804286
	
