#length UmMean UmRMS length Ut_Mean Ut_RMS
0 0.501269 0.332642	0 -0.705372 0.380868
0.020026 0.785186 0.294578	0.020026 -1.01063 0.261538
0.040052 0.906448 0.285073	0.040052 -1.04148 0.248608
0.0600483 0.956988 0.258443	0.0600483 -1.06431 0.233457
0.0800742 0.980424 0.251908	0.0800742 -1.08714 0.226127
0.1001 0.994864 0.252915	0.1001 -1.09853 0.219638
0.119928 1.00356 0.25456	0.119928 -1.1138 0.223975
0.139954 1.01224 0.254306	0.139954 -1.12349 0.222104
0.159951 1.02779 0.260363	0.159951 -1.14439 0.224429
0.179977 1.03366 0.266787	0.179977 -1.15751 0.220573
0.200003 1.03789 0.271482	0.200003 -1.16085 0.212381
0.220028 1.0371 0.270892	0.220028 -1.16217 0.201056
0.240025 1.03863 0.284162	0.240025 -1.14816 0.1802
0.260051 1.03187 0.292314	0.260051 -1.14621 0.171212
0.280077 1.02538 0.29816	0.280077 -1.13662 0.15882
0.300103 1.0376 0.319193	0.300103 -1.11356 0.141967
0.319931 1.03515 0.331442	0.319931 -1.103 0.134934
0.339927 1.01878 0.336019	0.339927 -1.08679 0.126236
0.359953 1.00792 0.344429	0.359953 -1.07757 0.127697
0.379979 1.00236 0.347432	0.379979 -1.07149 0.130784
0.400005 0.988807 0.362554	0.400005 -1.05876 0.137118
0.420031 0.972253 0.365698	0.420031 -1.04386 0.148801
0.440027 0.941504 0.36299	0.440027 -1.03174 0.156054
0.460053 0.905448 0.359429	0.460053 -1.01777 0.160512
0.480079 0.876725 0.363115	0.480079 -0.996408 0.162694
0.500105 0.826766 0.357656	0.500105 -0.974817 0.169093
0.519933 0.793489 0.359327	0.519933 -0.949356 0.170481
0.53993 0.76423 0.365201	0.53993 -0.930707 0.181356
0.559956 0.716797 0.359358	0.559956 -0.905546 0.178575
0.579982 0.686345 0.360965	0.579982 -0.88807 0.175377
0.600008 0.651607 0.369137	0.600008 -0.86103 0.185356
0.620004 0.61235 0.369467	0.620004 -0.841014 0.194947
0.64003 0.579067 0.383498	0.64003 -0.82037 0.206711
0.660056 0.532821 0.392454	0.660056 -0.791023 0.224873
0.680082 0.524102 0.386061	0.680082 -0.7787 0.239312
0.700108 0.491609 0.397466	0.700108 -0.754973 0.25871
0.719906 0.461358 0.393076	0.719906 -0.732606 0.291753
0.739932 0.435859 0.398104	0.739932 -0.723439 0.313793
0.759958 0.400106 0.392315	0.759958 -0.698064 0.339899
0.779984 0.361732 0.400499	0.779984 -0.666039 0.382457
0.80001 0.321249 0.39612	0.80001 -0.627564 0.451139
0.820006 0.302934 0.383661	0.820006 -0.604106 0.495519
0.840032 0.269227 0.384421	0.840032 -0.559875 0.548393
0.860058 0.215722 0.371369	0.860058 -0.520385 0.588936
0.880084 0.18763 0.362454	0.880084 -0.466855 0.640218
0.90011 0.159019 0.345204	0.90011 -0.41612 0.691929
0.919909 0.147024 0.314369	0.919909 -0.381806 0.728292
0.939935 0.12104 0.299832	0.939935 -0.346187 0.743989
0.959961 0.0915982 0.278606	0.959961 -0.25244 0.785712
0.979987 0.0980182 0.259914	0.979987 -0.224747 0.81231
1.00001 0.0802193 0.25117	1.00001 -0.193942 0.829942
1.02001 0.0803299 0.246476	1.02001 -0.162869 0.842743
1.04003 0.0794776 0.254364	1.04003 -0.104055 0.846634
1.06006 0.0905433 0.268408	1.06006 -0.0531047 0.847437
1.08009 0.0882853 0.290791	1.08009 -0.0332727 0.832167
1.10008 0.10688 0.320207	1.10008 0.0670362 0.828239
1.11991 0.115604 0.352169	1.11991 0.0555281 0.809294
1.13994 0.125996 0.381583	1.13994 0.110368 0.78287
1.15996 0.149037 0.398592	1.15996 0.14111 0.769332
1.17999 0.162825 0.425128	1.17999 0.161909 0.736178
1.19999 0.190367 0.445749	1.19999 0.228294 0.697206
1.22001 0.217365 0.493202	1.22001 0.280989 0.657916
1.24004 0.235022 0.497917	1.24004 0.306161 0.616185
1.26006 0.261028 0.513727	1.26006 0.33582 0.589599
1.28009 0.28766 0.5326	1.28009 0.394791 0.52298
1.30009 0.294509 0.530838	1.30009 0.419258 0.497745
1.31991 0.339296 0.542981	1.31991 0.446215 0.466807
1.33994 0.35024 0.55845	1.33994 0.467178 0.436923
1.35997 0.379589 0.554099	1.35997 0.506138 0.380219
1.37999 0.407988 0.541162	1.37999 0.53938 0.346766
1.39999 0.464971 0.540026	1.39999 0.557123 0.324063
1.42001 0.460668 0.536214	1.42001 0.577318 0.288796
1.44004 0.48864 0.535431	1.44004 0.593556 0.271153
1.46007 0.481846 0.539563	1.46007 0.612818 0.261904
1.48006 0.521763 0.524494	1.48006 0.641121 0.242358
1.50009 0.553537 0.50986	1.50009 0.654792 0.227792
1.51992 0.581412 0.510167	1.51992 0.673123 0.225862
1.53994 0.624553 0.490191	1.53994 0.693315 0.212466
1.55997 0.63739 0.490515	1.55997 0.708404 0.208596
1.57996 0.667837 0.476571	1.57996 0.737041 0.200933
1.59999 0.694177 0.472109	1.59999 0.752742 0.199233
1.62002 0.723664 0.457885	1.62002 0.769274 0.194758
1.64004 0.74806 0.438597	1.64004 0.781839 0.193811
1.66007 0.798753 0.440192	1.66007 0.789488 0.192331
1.68006 0.830042 0.430513	1.68006 0.810402 0.179858
1.70009 0.859191 0.417045	1.70009 0.833861 0.175697
1.71992 0.877458 0.407043	1.71992 0.839126 0.161722
1.73994 0.912682 0.401942	1.73994 0.855176 0.163235
1.75997 0.943046 0.392293	1.75997 0.869997 0.15755
1.77997 0.962581 0.385204	1.77997 0.8786 0.154161
1.79999 0.98865 0.384124	1.79999 0.8838 0.145259
1.82002 1.02738 0.376995	1.82002 0.894901 0.140361
1.84004 1.03117 0.364874	1.84004 0.899758 0.136567
1.86004 1.05154 0.361303	1.86004 0.908958 0.138558
1.88007 1.05196 0.350707	1.88007 0.910397 0.136735
1.90009 1.06409 0.346584	1.90009 0.914524 0.143549
1.91992 1.08152 0.33768	1.91992 0.919243 0.145692
1.93995 1.06925 0.332577	1.93995 0.924023 0.153287
1.95994 1.07494 0.318155	1.95994 0.934958 0.166752
1.97997 1.08549 0.317652	1.97997 0.945206 0.176967
2 1.08993 0.310335	2 0.94468 0.189706
2.02002 1.08921 0.303947	2.02002 0.944998 0.19841
2.04005 1.09878 0.301862	2.04005 0.944717 0.206639
2.06004 1.08346 0.293633	2.06004 0.930359 0.207857
2.08007 1.08054 0.292526	2.08007 0.917279 0.208679
2.1001 1.09247 0.288247	2.1001 0.907785 0.21434
2.11992 1.05916 0.286405	2.11992 0.884389 0.218784
2.13995 1.04272 0.29842	2.13995 0.858029 0.225638
2.15995 1.01165 0.31705	2.15995 0.832391 0.237125
2.17997 0.976279 0.325774	2.17997 0.810952 0.24013
2.2 0.872526 0.328495	2.2 0.743586 0.23496
