#length UmMean UmRMS length Ut_Mean Ut_RMS
0 0.394902 0.303504	0 -0.361386 0.25588
0.020026 0.774454 0.323233	0.020026 -0.666007 0.224574
0.040052 0.849799 0.335978	0.040052 -0.687861 0.229816
0.0600483 0.888352 0.325616	0.0600483 -0.691295 0.22002
0.0800742 0.91265 0.316468	0.0800742 -0.696415 0.227385
0.1001 0.917077 0.30034	0.1001 -0.681649 0.211599
0.119928 0.92354 0.289791	0.119928 -0.681695 0.213477
0.139925 0.931841 0.271126	0.139925 -0.683324 0.210431
0.159951 0.925141 0.248274	0.159951 -0.675982 0.209932
0.179977 0.927052 0.243603	0.179977 -0.682265 0.205456
0.200003 0.902436 0.229419	0.200003 -0.680615 0.215358
0.220028 0.8917 0.212694	0.220028 -0.683276 0.225354
0.240025 0.860082 0.206913	0.240025 -0.679378 0.239637
0.260051 0.829079 0.197966	0.260051 -0.681936 0.248903
0.280077 0.800291 0.199574	0.280077 -0.705202 0.271156
0.300103 0.770387 0.203022	0.300103 -0.693178 0.27071
0.319931 0.732309 0.202866	0.319931 -0.6953 0.290807
0.339927 0.693694 0.210991	0.339927 -0.70363 0.293647
0.359953 0.65949 0.21194	0.359953 -0.701207 0.310565
0.379979 0.628756 0.217653	0.379979 -0.695775 0.301483
0.400005 0.606651 0.22643	0.400005 -0.712089 0.298908
0.420001 0.559087 0.240022	0.420001 -0.692099 0.291862
0.440027 0.511525 0.255673	0.440027 -0.687363 0.301496
0.460053 0.482128 0.25484	0.460053 -0.678956 0.297358
0.480079 0.451597 0.261543	0.480079 -0.650557 0.286689
0.500105 0.415342 0.278152	0.500105 -0.675931 0.274673
0.519904 0.37528 0.295479	0.519904 -0.661777 0.277454
0.53993 0.349513 0.294121	0.53993 -0.626112 0.254465
0.559956 0.313767 0.328483	0.559956 -0.684385 0.265433
0.579982 0.300437 0.333121	0.579982 -0.700827 0.23868
0.599978 0.280741 0.344576	0.599978 -0.672361 0.232031
0.620004 0.238202 0.341914	0.620004 -0.639946 0.219555
0.64003 0.22617 0.346134	0.64003 -0.619042 0.211038
0.660056 0.186349 0.359828	0.660056 -0.60116 0.20883
0.680082 0.172897 0.363863	0.680082 -0.571843 0.205374
0.700078 0.172736 0.3472	0.700078 -0.566092 0.196984
0.719906 0.147814 0.344065	0.719906 -0.532633 0.207252
0.739932 0.139078 0.348698	0.739932 -0.498364 0.199086
0.759958 0.119603 0.341091	0.759958 -0.47697 0.206919
0.779954 0.11429 0.329909	0.779954 -0.463099 0.196309
0.79998 0.100596 0.314044	0.79998 -0.431553 0.208877
0.820006 0.0884746 0.340693	0.820006 -0.426189 0.209532
0.840032 0.0608294 0.323433	0.840032 -0.388283 0.22309
0.860058 0.0849499 0.320088	0.860058 -0.384073 0.227854
0.880055 0.0494549 0.311173	0.880055 -0.340122 0.239833
0.900081 0.0608014 0.286573	0.900081 -0.323821 0.236031
0.919909 0.0691308 0.266624	0.919909 -0.309923 0.245547
0.939935 0.0420144 0.268998	0.939935 -0.275397 0.242175
0.959961 0.0269709 0.235039	0.959961 -0.23481 0.247556
0.979957 0.0398222 0.214575	0.979957 -0.195449 0.258542
0.999983 0.0272709 0.21289	0.999983 -0.199967 0.261208
1.02001 0.0226859 0.192665	1.02001 -0.157575 0.263092
1.04004 0.0195794 0.164748	1.04004 -0.122424 0.254017
1.06003 0.0152886 0.151042	1.06003 -0.101672 0.26534
1.08006 -0.0127419 0.168867	1.08006 -0.117181 0.272484
1.10008 0.0128635 0.17755	1.10008 -0.123894 0.268455
1.11991 0.00195545 0.173154	1.11991 -0.130819 0.256702
1.13994 0.018818 0.181047	1.13994 -0.111377 0.26798
1.15993 -0.00523908 0.148036	1.15993 -0.0739327 0.251057
1.17996 -0.00713172 0.154938	1.17996 -0.0881273 0.2436
1.19999 0.0107666 0.166932	1.19999 -0.0774297 0.262933
1.22001 -0.00953544 0.143778	1.22001 -0.0550915 0.247557
1.24001 -0.0178394 0.12934	1.24001 -0.0370173 0.242261
1.26003 -0.0208964 0.119014	1.26003 -0.0127601 0.254363
1.28006 -0.0231314 0.11511	1.28006 -0.0283864 0.246201
1.30009 -0.0191438 0.119432	1.30009 -0.0145976 0.254942
1.31991 -0.0192382 0.130306	1.31991 0.00879371 0.242285
1.33991 -0.017447 0.12978	1.33991 -0.00537294 0.236407
1.35994 -0.0171828 0.124555	1.35994 0.0397701 0.240094
1.37996 -0.0224372 0.128015	1.37996 0.00810132 0.242721
1.39999 -0.0275262 0.127842	1.39999 0.0424562 0.244897
1.41998 -0.0244966 0.136256	1.41998 0.0478041 0.23995
1.44001 0.0151823 0.150473	1.44001 0.0856639 0.24826
1.46004 -0.018164 0.138526	1.46004 0.0728067 0.22292
1.48006 -0.0142591 0.150498	1.48006 0.0877692 0.231822
1.50009 0.00379756 0.151397	1.50009 0.069654 0.271838
1.52008 -0.00171107 0.157699	1.52008 0.106119 0.243767
1.53991 0.00444662 0.175291	1.53991 0.115074 0.252192
1.55994 0.000551916 0.180529	1.55994 0.118602 0.242371
1.57996 0.011934 0.178359	1.57996 0.142969 0.228071
1.59999 0.0086944 0.195226	1.59999 0.124687 0.247428
1.61999 0.0283456 0.199122	1.61999 0.136387 0.243709
1.64001 0.0106172 0.219291	1.64001 0.163807 0.237275
1.66004 0.0356107 0.215515	1.66004 0.167483 0.247999
1.68006 0.033987 0.216802	1.68006 0.215238 0.21407
1.70006 0.0421405 0.248812	1.70006 0.236574 0.22452
1.72009 0.0618169 0.264097	1.72009 0.245624 0.232941
1.73992 0.0722533 0.259674	1.73992 0.272505 0.227702
1.75994 0.0558952 0.260464	1.75994 0.272807 0.2098
1.77997 0.0692383 0.289978	1.77997 0.332746 0.20708
1.79996 0.0703108 0.29622	1.79996 0.340798 0.203579
1.81999 0.0998477 0.321207	1.81999 0.356065 0.191327
1.84002 0.0812388 0.32085	1.84002 0.367882 0.193446
1.86004 0.108106 0.347143	1.86004 0.404447 0.187253
1.88004 0.140047 0.342732	1.88004 0.441848 0.190131
1.90006 0.123876 0.334142	1.90006 0.432167 0.19147
1.92009 0.159968 0.352319	1.92009 0.484444 0.201111
1.93992 0.151773 0.359941	1.93992 0.504052 0.187189
1.95994 0.149622 0.369048	1.95994 0.523355 0.183838
1.97994 0.161908 0.364557	1.97994 0.542785 0.201319
1.99997 0.191664 0.345591	1.99997 0.549957 0.196212
2.01999 0.216682 0.348556	2.01999 0.555853 0.203466
2.04002 0.210991 0.378781	2.04002 0.58266 0.242295
2.06001 0.269479 0.331863	2.06001 0.561769 0.231543
2.08004 0.288355 0.334422	2.08004 0.607413 0.224885
2.10007 0.27443 0.348532	2.10007 0.612931 0.255142
2.12009 0.318781 0.347887	2.12009 0.635573 0.250204
2.13992 0.325072 0.333708	2.13992 0.655838 0.26512
2.15992 0.353548 0.330468	2.15992 0.665395 0.268242
2.17994 0.368087 0.322744	2.17994 0.645328 0.279733
2.19997 0.399701 0.323751	2.19997 0.65915 0.285995
2.21999 0.432096 0.313302	2.21999 0.651557 0.304615
2.24002 0.466315 0.305889	2.24002 0.649598 0.295989
2.26002 0.488621 0.302781	2.26002 0.679233 0.301663
2.28004 0.540583 0.309565	2.28004 0.670516 0.315793
2.30007 0.568988 0.29382	2.30007 0.658736 0.308661
2.32009 0.583891 0.286463	2.32009 0.646059 0.316934
2.33989 0.622527 0.282621	2.33989 0.659887 0.282887
2.35992 0.65944 0.272796	2.35992 0.659283 0.324932
2.37994 0.697359 0.249518	2.37994 0.627503 0.278401
2.39997 0.72071 0.224361	2.39997 0.619148 0.270952
2.39997 0.718866 0.243489	2.39997 0.630217 0.284798
2.42 0.742988 0.245673	2.42 0.618828 0.277464
2.43999 0.78368 0.241797	2.43999 0.621255 0.281182
2.46002 0.817978 0.252803	2.46002 0.610582 0.246935
2.48005 0.828164 0.238412	2.48005 0.594448 0.245277
2.50007 0.843413 0.245301	2.50007 0.60755 0.23975
2.52007 0.873148 0.233906	2.52007 0.591943 0.213287
2.5399 0.859766 0.238613	2.5399 0.585862 0.222443
2.55992 0.878694 0.258884	2.55992 0.570998 0.198609
2.57995 0.909331 0.241834	2.57995 0.577162 0.206525
2.59997 0.896508 0.291528	2.59997 0.575555 0.194857
2.61997 0.910422 0.261468	2.61997 0.55353 0.190871
2.64 0.900551 0.26662	2.64 0.532169 0.187123
2.66002 0.891843 0.2816	2.66002 0.532265 0.185102
2.68005 0.841146 0.297353	2.68005 0.518861 0.17211
2.70004 0.793394 0.281833	2.70004 0.503317 0.176795
2.72007 0.695641 0.283992	2.72007 0.457081 0.178775
